6 5.0 4 4
6 5.1 4 4
6 5.2 4 4
6 5.3 4 4
6 5.4 4 4
6 5.5 4 4
6 5.6 4 4
6 5.7 4 4
6 5.8 4 4
6 5.9 4 4
6 6.0 4 4
6 6.1 4 4
6 6.2 4 4
6 6.3 4 4
6 6.4 4 4
6 6.5 4 4
6 6.6 4 4
6 6.7 4 4
6 6.8 4 4
6 6.9 4 4
6 7.0 4 4
6 7.1 4 4
6 7.2 4 4
6 7.300000000000001 4 4
6 7.4 4 4
6 7.5 4 4
6 7.6 4 4
6 7.7 4 4
6 7.800000000000001 4 4
6 7.9 4 4
6 8.0 4 4
6 8.1 4 4
6 8.2 4 4
6 8.3 4 4
6 8.4 4 4
6 8.5 4 4
6 8.6 4 4
6 8.7 4 4
6 8.8 4 4
6 8.9 4 4
6 9.0 4 4
6 9.100000000000001 4 4
6 9.2 4 4
6 9.3 4 4
6 9.4 4 4
6 9.5 4 4
6 9.600000000000001 4 4
6 9.7 4 4
6 9.8 4 4
6 9.9 4 4
6 10.0 4 4
6 10.100000000000001 4 4
6 10.2 4 4
6 10.3 4 4
6 10.4 4 4
6 10.5 4 4
6 10.600000000000001 4 4
6 10.7 4 4
6 10.8 4 4
6 10.9 4 4
6 11.0 4 4
6 11.100000000000001 4 4
6 11.2 4 4
6 11.3 4 4
6 11.4 4 4
6 11.5 4 4
6 11.600000000000001 4 4
6 11.7 4 4
6 11.8 4 4
6 11.9 4 4
