case,origin,dest,demand,y,flow
    0, 1,  4,200.0000, 39.6111,200.0000
    0, 2,  4,150.0000, 47.6429,150.0000
    1, 1,  4,200.0000, 44.5407,200.0000
    1, 2,  4,150.0000, 35.8206,150.0000
    2, 1,  4,200.0000, 40.7635,200.0000
    2, 2,  4,150.0000, 35.8206,150.0000
    3, 1,  4,200.0000, 39.1407,200.0000
    3, 2,  4,150.0000, 35.8206,150.0000
    4, 1,  4,200.0000, 44.2721,200.0000
    4, 2,  4,150.0000, 26.8603,150.0000
    5, 1,  4,200.0000, 41.2190,200.0000
    5, 2,  4,150.0000, 26.8603,150.0000
    6, 1,  4,200.0000, 39.6875,200.0000
    6, 2,  4,150.0000, 26.8603,150.0000
    7, 1,  4,200.0000, 43.7592,200.0000
    7, 2,  4,150.0000, 24.4862,350.0000
    8, 1,  4,200.0000, 41.5434,200.0000
    8, 2,  4,150.0000, 23.8735,150.0000
    9, 1,  4,200.0000, 40.1118,200.0000
    9, 2,  4,150.0000, 23.8735,150.0000
   10, 1,  4,200.0000, 42.1126,200.0000
   10, 2,  4,150.0000, 22.8397,350.0000
   11, 1,  4,200.0000, 41.7950, 61.7530
   11, 2,  4,150.0000, 22.5220,211.7530
   12, 1,  4,200.0000, 40.4505,200.0000
   12, 2,  4,150.0000, 22.3801,150.0000
   13, 1,  4,200.0000, 41.1247,200.0000
   13, 2,  4,150.0000, 21.8517,350.0000
   14, 1,  4,200.0000, 41.1247,200.0000
   14, 2,  4,150.0000, 21.8517,350.0000
   15, 1,  4,200.0000, 40.7272,200.0000
   15, 2,  4,150.0000, 21.4841,150.0000
   16, 1,  4,200.0000, 38.0542,200.0000
   16, 2,  4,150.0000, 35.8206,150.0000
   17, 1,  4,200.0000, 34.2770,200.0000
   17, 2,  4,150.0000, 35.8206,150.0000
   18, 1,  4,200.0000, 32.6542,200.0000
   18, 2,  4,150.0000, 35.8206,150.0000
   19, 1,  4,200.0000, 37.7856,200.0000
   19, 2,  4,150.0000, 26.8603,150.0000
   20, 1,  4,200.0000, 34.7325,200.0000
   20, 2,  4,150.0000, 26.8603,150.0000
   21, 1,  4,200.0000, 33.2010,200.0000
   21, 2,  4,150.0000, 26.8603,150.0000
   22, 1,  4,200.0000, 37.2727,200.0000
   22, 2,  4,150.0000, 24.4862,350.0000
   23, 1,  4,200.0000, 35.0569,200.0000
   23, 2,  4,150.0000, 23.8735,150.0000
   24, 1,  4,200.0000, 33.6253,200.0000
   24, 2,  4,150.0000, 23.8735,150.0000
   25, 1,  4,200.0000, 35.6261,200.0000
   25, 2,  4,150.0000, 22.8397,350.0000
   26, 1,  4,200.0000, 35.3085, 61.7530
   26, 2,  4,150.0000, 22.5220,211.7530
   27, 1,  4,200.0000, 33.9640,200.0000
   27, 2,  4,150.0000, 22.3801,150.0000
   28, 1,  4,200.0000, 34.6382,200.0000
   28, 2,  4,150.0000, 21.8517,350.0000
   29, 1,  4,200.0000, 34.6382,200.0000
   29, 2,  4,150.0000, 21.8517,350.0000
   30, 1,  4,200.0000, 34.2408,200.0000
   30, 2,  4,150.0000, 21.4841,150.0000
   31, 1,  4,200.0000, 35.8921,200.0000
   31, 2,  4,150.0000, 35.8206,150.0000
   32, 1,  4,200.0000, 32.1149,200.0000
   32, 2,  4,150.0000, 35.8206,150.0000
   33, 1,  4,200.0000, 30.4920,200.0000
   33, 2,  4,150.0000, 35.8206,150.0000
   34, 1,  4,200.0000, 35.6234,200.0000
   34, 2,  4,150.0000, 26.8603,150.0000
   35, 1,  4,200.0000, 32.5704,200.0000
   35, 2,  4,150.0000, 26.8603,150.0000
   36, 1,  4,200.0000, 31.0389,200.0000
   36, 2,  4,150.0000, 26.8603,150.0000
   37, 1,  4,200.0000, 35.1105,200.0000
   37, 2,  4,150.0000, 24.4862,350.0000
   38, 1,  4,200.0000, 32.8948,200.0000
   38, 2,  4,150.0000, 23.8735,150.0000
   39, 1,  4,200.0000, 31.4631,200.0000
   39, 2,  4,150.0000, 23.8735,150.0000
   40, 1,  4,200.0000, 33.4640,200.0000
   40, 2,  4,150.0000, 22.8397,350.0000
   41, 1,  4,200.0000, 33.1464, 61.7530
   41, 2,  4,150.0000, 22.5220,211.7530
   42, 1,  4,200.0000, 31.8019,200.0000
   42, 2,  4,150.0000, 22.3801,150.0000
   43, 1,  4,200.0000, 32.4760,200.0000
   43, 2,  4,150.0000, 21.8517,350.0000
   44, 1,  4,200.0000, 32.4760,200.0000
   44, 2,  4,150.0000, 21.8517,350.0000
   45, 1,  4,200.0000, 32.0786,200.0000
   45, 2,  4,150.0000, 21.4841,150.0000
   46, 1,  4,200.0000, 43.0776, 47.2167
   46, 2,  4,150.0000, 35.8206,150.0000
   47, 1,  4,200.0000, 40.7635,200.0000
   47, 2,  4,150.0000, 35.8206,150.0000
   48, 1,  4,200.0000, 39.1407,200.0000
   48, 2,  4,150.0000, 35.8206,150.0000
   49, 1,  4,200.0000, 43.0082, 56.3655
   49, 2,  4,150.0000, 26.8603,150.0000
   50, 1,  4,200.0000, 41.2190,200.0000
   50, 2,  4,150.0000, 26.8603,150.0000
   51, 1,  4,200.0000, 39.6875,200.0000
   51, 2,  4,150.0000, 26.8603,150.0000
   52, 1,  4,200.0000, 42.7359, 92.8524
   52, 2,  4,150.0000, 24.1580,242.8524
   53, 1,  4,200.0000, 41.5434,200.0000
   53, 2,  4,150.0000, 23.8735,150.0000
   54, 1,  4,200.0000, 40.1118,200.0000
   54, 2,  4,150.0000, 23.8735,150.0000
   55, 1,  4,200.0000, 42.0171,189.1229
   55, 2,  4,150.0000, 22.8147,339.1229
   56, 1,  4,200.0000, 41.7950, 61.7530
   56, 2,  4,150.0000, 22.5220,211.7530
   57, 1,  4,200.0000, 40.4505,200.0000
   57, 2,  4,150.0000, 22.3801,150.0000
   58, 1,  4,200.0000, 41.1247,200.0000
   58, 2,  4,150.0000, 21.8517,350.0000
   59, 1,  4,200.0000, 41.1247,200.0000
   59, 2,  4,150.0000, 21.8517,350.0000
   60, 1,  4,200.0000, 40.7272,200.0000
   60, 2,  4,150.0000, 21.4841,150.0000
   61, 1,  4,200.0000, 38.0542,200.0000
   61, 2,  4,150.0000, 35.8206,150.0000
   62, 1,  4,200.0000, 34.2770,200.0000
   62, 2,  4,150.0000, 35.8206,150.0000
   63, 1,  4,200.0000, 32.6542,200.0000
   63, 2,  4,150.0000, 35.8206,150.0000
   64, 1,  4,200.0000, 37.7856,200.0000
   64, 2,  4,150.0000, 26.8603,150.0000
   65, 1,  4,200.0000, 34.7325,200.0000
   65, 2,  4,150.0000, 26.8603,150.0000
   66, 1,  4,200.0000, 33.2010,200.0000
   66, 2,  4,150.0000, 26.8603,150.0000
   67, 1,  4,200.0000, 37.2727,200.0000
   67, 2,  4,150.0000, 24.4862,350.0000
   68, 1,  4,200.0000, 35.0569,200.0000
   68, 2,  4,150.0000, 23.8735,150.0000
   69, 1,  4,200.0000, 33.6253,200.0000
   69, 2,  4,150.0000, 23.8735,150.0000
   70, 1,  4,200.0000, 35.6261,200.0000
   70, 2,  4,150.0000, 22.8397,350.0000
   71, 1,  4,200.0000, 35.3085, 61.7530
   71, 2,  4,150.0000, 22.5220,211.7530
   72, 1,  4,200.0000, 33.9640,200.0000
   72, 2,  4,150.0000, 22.3801,150.0000
   73, 1,  4,200.0000, 34.6382,200.0000
   73, 2,  4,150.0000, 21.8517,350.0000
   74, 1,  4,200.0000, 34.6382,200.0000
   74, 2,  4,150.0000, 21.8517,350.0000
   75, 1,  4,200.0000, 34.2408,200.0000
   75, 2,  4,150.0000, 21.4841,150.0000
   76, 1,  4,200.0000, 35.8921,200.0000
   76, 2,  4,150.0000, 35.8206,150.0000
   77, 1,  4,200.0000, 32.1149,200.0000
   77, 2,  4,150.0000, 35.8206,150.0000
   78, 1,  4,200.0000, 30.4920,200.0000
   78, 2,  4,150.0000, 35.8206,150.0000
   79, 1,  4,200.0000, 35.6234,200.0000
   79, 2,  4,150.0000, 26.8603,150.0000
   80, 1,  4,200.0000, 32.5704,200.0000
   80, 2,  4,150.0000, 26.8603,150.0000
   81, 1,  4,200.0000, 31.0389,200.0000
   81, 2,  4,150.0000, 26.8603,150.0000
   82, 1,  4,200.0000, 35.1105,200.0000
   82, 2,  4,150.0000, 24.4862,350.0000
   83, 1,  4,200.0000, 32.8948,200.0000
   83, 2,  4,150.0000, 23.8735,150.0000
   84, 1,  4,200.0000, 31.4631,200.0000
   84, 2,  4,150.0000, 23.8735,150.0000
   85, 1,  4,200.0000, 33.4640,200.0000
   85, 2,  4,150.0000, 22.8397,350.0000
   86, 1,  4,200.0000, 33.1464, 61.7530
   86, 2,  4,150.0000, 22.5220,211.7530
   87, 1,  4,200.0000, 31.8019,200.0000
   87, 2,  4,150.0000, 22.3801,150.0000
   88, 1,  4,200.0000, 32.4760,200.0000
   88, 2,  4,150.0000, 21.8517,350.0000
   89, 1,  4,200.0000, 32.4760,200.0000
   89, 2,  4,150.0000, 21.8517,350.0000
   90, 1,  4,200.0000, 32.0786,200.0000
   90, 2,  4,150.0000, 21.4841,150.0000
   91, 1,  4,200.0000, 38.4590,200.0000
   91, 2,  4,150.0000, 35.8206,150.0000
   92, 1,  4,200.0000, 38.4590,200.0000
   92, 2,  4,150.0000, 35.8206,150.0000
   93, 1,  4,200.0000, 38.1107, 68.1864
   93, 2,  4,150.0000, 35.8206,150.0000
   94, 1,  4,200.0000, 38.4590,200.0000
   94, 2,  4,150.0000, 26.8603,150.0000
   95, 1,  4,200.0000, 38.4590,200.0000
   95, 2,  4,150.0000, 26.8603,150.0000
   96, 1,  4,200.0000, 38.3350, 23.1128
   96, 2,  4,150.0000, 26.8603,150.0000
   97, 1,  4,200.0000, 38.4590,200.0000
   97, 2,  4,150.0000, 23.8735,150.0000
   98, 1,  4,200.0000, 38.4590,200.0000
   98, 2,  4,150.0000, 23.8735,150.0000
   99, 1,  4,200.0000, 38.4590,200.0000
   99, 2,  4,150.0000, 23.8735,150.0000
  100, 1,  4,200.0000, 38.4590,200.0000
  100, 2,  4,150.0000, 22.3801,150.0000
  101, 1,  4,200.0000, 38.4590,200.0000
  101, 2,  4,150.0000, 22.3801,150.0000
  102, 1,  4,200.0000, 38.4590,200.0000
  102, 2,  4,150.0000, 22.3801,150.0000
  103, 1,  4,200.0000, 38.4590,200.0000
  103, 2,  4,150.0000, 21.4841,150.0000
  104, 1,  4,200.0000, 38.4590,200.0000
  104, 2,  4,150.0000, 21.4841,150.0000
  105, 1,  4,200.0000, 38.4590,200.0000
  105, 2,  4,150.0000, 21.4841,150.0000
  106, 1,  4,200.0000, 37.7181,146.9164
  106, 2,  4,150.0000, 35.8206,150.0000
  107, 1,  4,200.0000, 34.2770,200.0000
  107, 2,  4,150.0000, 35.8206,150.0000
  108, 1,  4,200.0000, 32.6542,200.0000
  108, 2,  4,150.0000, 35.8206,150.0000
  109, 1,  4,200.0000, 37.6112,168.6148
  109, 2,  4,150.0000, 26.8603,150.0000
  110, 1,  4,200.0000, 34.7325,200.0000
  110, 2,  4,150.0000, 26.8603,150.0000
  111, 1,  4,200.0000, 33.2010,200.0000
  111, 2,  4,150.0000, 26.8603,150.0000
  112, 1,  4,200.0000, 37.2727,200.0000
  112, 2,  4,150.0000, 24.4862,350.0000
  113, 1,  4,200.0000, 35.0569,200.0000
  113, 2,  4,150.0000, 23.8735,150.0000
  114, 1,  4,200.0000, 33.6253,200.0000
  114, 2,  4,150.0000, 23.8735,150.0000
  115, 1,  4,200.0000, 35.6261,200.0000
  115, 2,  4,150.0000, 22.8397,350.0000
  116, 1,  4,200.0000, 35.3085, 61.7530
  116, 2,  4,150.0000, 22.5220,211.7530
  117, 1,  4,200.0000, 33.9640,200.0000
  117, 2,  4,150.0000, 22.3801,150.0000
  118, 1,  4,200.0000, 34.6382,200.0000
  118, 2,  4,150.0000, 21.8517,350.0000
  119, 1,  4,200.0000, 34.6382,200.0000
  119, 2,  4,150.0000, 21.8517,350.0000
  120, 1,  4,200.0000, 34.2408,200.0000
  120, 2,  4,150.0000, 21.4841,150.0000
  121, 1,  4,200.0000, 35.8921,200.0000
  121, 2,  4,150.0000, 35.8206,150.0000
  122, 1,  4,200.0000, 32.1149,200.0000
  122, 2,  4,150.0000, 35.8206,150.0000
  123, 1,  4,200.0000, 30.4920,200.0000
  123, 2,  4,150.0000, 35.8206,150.0000
  124, 1,  4,200.0000, 35.6234,200.0000
  124, 2,  4,150.0000, 26.8603,150.0000
  125, 1,  4,200.0000, 32.5704,200.0000
  125, 2,  4,150.0000, 26.8603,150.0000
  126, 1,  4,200.0000, 31.0389,200.0000
  126, 2,  4,150.0000, 26.8603,150.0000
  127, 1,  4,200.0000, 35.1105,200.0000
  127, 2,  4,150.0000, 24.4862,350.0000
  128, 1,  4,200.0000, 32.8948,200.0000
  128, 2,  4,150.0000, 23.8735,150.0000
  129, 1,  4,200.0000, 31.4631,200.0000
  129, 2,  4,150.0000, 23.8735,150.0000
  130, 1,  4,200.0000, 33.4640,200.0000
  130, 2,  4,150.0000, 22.8397,350.0000
  131, 1,  4,200.0000, 33.1464, 61.7530
  131, 2,  4,150.0000, 22.5220,211.7530
  132, 1,  4,200.0000, 31.8019,200.0000
  132, 2,  4,150.0000, 22.3801,150.0000
  133, 1,  4,200.0000, 32.4760,200.0000
  133, 2,  4,150.0000, 21.8517,350.0000
  134, 1,  4,200.0000, 32.4760,200.0000
  134, 2,  4,150.0000, 21.8517,350.0000
  135, 1,  4,200.0000, 35.9693,200.0000
  135, 2,  4,150.0000, 35.8206,150.0000
  136, 1,  4,200.0000, 35.9693,200.0000
  136, 2,  4,150.0000, 35.8206,150.0000
  137, 1,  4,200.0000, 35.9693,200.0000
  137, 2,  4,150.0000, 35.8206,150.0000
  138, 1,  4,200.0000, 35.9693,200.0000
  138, 2,  4,150.0000, 26.8603,150.0000
  139, 1,  4,200.0000, 35.9693,200.0000
  139, 2,  4,150.0000, 26.8603,150.0000
  140, 1,  4,200.0000, 35.9693,200.0000
  140, 2,  4,150.0000, 26.8603,150.0000
  141, 1,  4,200.0000, 35.9693,200.0000
  141, 2,  4,150.0000, 23.8735,150.0000
  142, 1,  4,200.0000, 35.9693,200.0000
  142, 2,  4,150.0000, 23.8735,150.0000
  143, 1,  4,200.0000, 35.9693,200.0000
  143, 2,  4,150.0000, 23.8735,150.0000
  144, 1,  4,200.0000, 35.9693,200.0000
  144, 2,  4,150.0000, 22.3801,150.0000
  145, 1,  4,200.0000, 35.9693,200.0000
  145, 2,  4,150.0000, 22.3801,150.0000
  146, 1,  4,200.0000, 35.9693,200.0000
  146, 2,  4,150.0000, 22.3801,150.0000
  147, 1,  4,200.0000, 35.9693,200.0000
  147, 2,  4,150.0000, 21.4841,150.0000
  148, 1,  4,200.0000, 35.9693,200.0000
  148, 2,  4,150.0000, 21.4841,150.0000
  149, 1,  4,200.0000, 35.9693,200.0000
  149, 2,  4,150.0000, 21.4841,150.0000
  150, 1,  4,200.0000, 35.9693,200.0000
  150, 2,  4,150.0000, 35.8206,150.0000
  151, 1,  4,200.0000, 34.2770,200.0000
  151, 2,  4,150.0000, 35.8206,150.0000
  152, 1,  4,200.0000, 32.6542,200.0000
  152, 2,  4,150.0000, 35.8206,150.0000
  153, 1,  4,200.0000, 35.9693,200.0000
  153, 2,  4,150.0000, 26.8603,150.0000
  154, 1,  4,200.0000, 34.7325,200.0000
  154, 2,  4,150.0000, 26.8603,150.0000
  155, 1,  4,200.0000, 33.2010,200.0000
  155, 2,  4,150.0000, 26.8603,150.0000
  156, 1,  4,200.0000, 35.9693,200.0000
  156, 2,  4,150.0000, 23.8735,150.0000
  157, 1,  4,200.0000, 35.0569,200.0000
  157, 2,  4,150.0000, 23.8735,150.0000
  158, 1,  4,200.0000, 33.6253,200.0000
  158, 2,  4,150.0000, 23.8735,150.0000
  159, 1,  4,200.0000, 35.3906,157.4814
  159, 2,  4,150.0000, 22.7420,307.4814
  160, 1,  4,200.0000, 35.2653, 55.6978
  160, 2,  4,150.0000, 22.5081,205.6978
  161, 1,  4,200.0000, 33.9640,200.0000
  161, 2,  4,150.0000, 22.3801,150.0000
  162, 1,  4,200.0000, 34.6382,200.0000
  162, 2,  4,150.0000, 21.8517,350.0000
  163, 1,  4,200.0000, 34.6382,200.0000
  163, 2,  4,150.0000, 21.8517,350.0000
  164, 1,  4,200.0000, 35.5057,126.4318
  164, 2,  4,150.0000, 35.8206,150.0000
  165, 1,  4,200.0000, 32.1149,200.0000
  165, 2,  4,150.0000, 35.8206,150.0000
  166, 1,  4,200.0000, 30.4920,200.0000
  166, 2,  4,150.0000, 35.8206,150.0000
  167, 1,  4,200.0000, 35.4102,152.3450
  167, 2,  4,150.0000, 26.8603,150.0000
  168, 1,  4,200.0000, 32.5704,200.0000
  168, 2,  4,150.0000, 26.8603,150.0000
  169, 1,  4,200.0000, 31.0389,200.0000
  169, 2,  4,150.0000, 26.8603,150.0000
  170, 1,  4,200.0000, 35.1105,200.0000
  170, 2,  4,150.0000, 24.4862,350.0000
  171, 1,  4,200.0000, 32.8948,200.0000
  171, 2,  4,150.0000, 23.8735,150.0000
  172, 1,  4,200.0000, 31.4631,200.0000
  172, 2,  4,150.0000, 23.8735,150.0000
  173, 1,  4,200.0000, 33.4640,200.0000
  173, 2,  4,150.0000, 22.8397,350.0000
  174, 1,  4,200.0000, 33.1464, 61.7530
  174, 2,  4,150.0000, 22.5220,211.7530
  175, 1,  4,200.0000, 32.4760,200.0000
  175, 2,  4,150.0000, 21.8517,350.0000
  176, 1,  4,200.0000, 34.4754,200.0000
  176, 2,  4,150.0000, 35.8206,150.0000
  177, 1,  4,200.0000, 34.4754,200.0000
  177, 2,  4,150.0000, 35.8206,150.0000
  178, 1,  4,200.0000, 34.4754,200.0000
  178, 2,  4,150.0000, 35.8206,150.0000
  179, 1,  4,200.0000, 34.4754,200.0000
  179, 2,  4,150.0000, 26.8603,150.0000
  180, 1,  4,200.0000, 34.4754,200.0000
  180, 2,  4,150.0000, 26.8603,150.0000
  181, 1,  4,200.0000, 34.4754,200.0000
  181, 2,  4,150.0000, 26.8603,150.0000
  182, 1,  4,200.0000, 34.4754,200.0000
  182, 2,  4,150.0000, 23.8735,150.0000
  183, 1,  4,200.0000, 34.4754,200.0000
  183, 2,  4,150.0000, 23.8735,150.0000
  184, 1,  4,200.0000, 34.4754,200.0000
  184, 2,  4,150.0000, 23.8735,150.0000
  185, 1,  4,200.0000, 34.4754,200.0000
  185, 2,  4,150.0000, 22.3801,150.0000
  186, 1,  4,200.0000, 34.4754,200.0000
  186, 2,  4,150.0000, 22.3801,150.0000
  187, 1,  4,200.0000, 34.4754,200.0000
  187, 2,  4,150.0000, 22.3801,150.0000
  188, 1,  4,200.0000, 34.4754,200.0000
  188, 2,  4,150.0000, 21.4841,150.0000
  189, 1,  4,200.0000, 34.4754,200.0000
  189, 2,  4,150.0000, 21.4841,150.0000
  190, 1,  4,200.0000, 34.4754,200.0000
  190, 2,  4,150.0000, 35.8206,150.0000
  191, 1,  4,200.0000, 34.0309,151.7354
  191, 2,  4,150.0000, 35.8206,150.0000
  192, 1,  4,200.0000, 32.6542,200.0000
  192, 2,  4,150.0000, 35.8206,150.0000
  193, 1,  4,200.0000, 34.4754,200.0000
  193, 2,  4,150.0000, 26.8603,150.0000
  194, 1,  4,200.0000, 34.2116, 91.2008
  194, 2,  4,150.0000, 26.8603,150.0000
  195, 1,  4,200.0000, 33.2010,200.0000
  195, 2,  4,150.0000, 26.8603,150.0000
  196, 1,  4,200.0000, 34.4754,200.0000
  196, 2,  4,150.0000, 23.8735,150.0000
  197, 1,  4,200.0000, 34.3496, 45.0870
  197, 2,  4,150.0000, 23.8735,150.0000
  198, 1,  4,200.0000, 33.6253,200.0000
  198, 2,  4,150.0000, 23.8735,150.0000
  199, 1,  4,200.0000, 34.4754,200.0000
  199, 2,  4,150.0000, 22.3801,150.0000
  200, 1,  4,200.0000, 34.4583,  8.7504
  200, 2,  4,150.0000, 22.3801,150.0000
  201, 1,  4,200.0000, 34.1655,106.9626
  201, 2,  4,150.0000, 21.6807,256.9626
  202, 1,  4,200.0000, 34.4754,200.0000
  202, 2,  4,150.0000, 35.8206,150.0000
  203, 1,  4,200.0000, 32.1149,200.0000
  203, 2,  4,150.0000, 35.8206,150.0000
  204, 1,  4,200.0000, 30.4920,200.0000
  204, 2,  4,150.0000, 35.8206,150.0000
  205, 1,  4,200.0000, 34.4754,200.0000
  205, 2,  4,150.0000, 26.8603,150.0000
  206, 1,  4,200.0000, 32.5704,200.0000
  206, 2,  4,150.0000, 26.8603,150.0000
  207, 1,  4,200.0000, 31.0389,200.0000
  207, 2,  4,150.0000, 26.8603,150.0000
  208, 1,  4,200.0000, 34.3323, 51.0639
  208, 2,  4,150.0000, 24.0300,201.0639
  209, 1,  4,200.0000, 32.8948,200.0000
  209, 2,  4,150.0000, 23.8735,150.0000
  210, 1,  4,200.0000, 33.4640,200.0000
  210, 2,  4,150.0000, 22.8397,350.0000
  211, 1,  4,200.0000, 33.4795,200.0000
  211, 2,  4,150.0000, 35.8206,150.0000
  212, 1,  4,200.0000, 33.4795,200.0000
  212, 2,  4,150.0000, 35.8206,150.0000
  213, 1,  4,200.0000, 33.4795,200.0000
  213, 2,  4,150.0000, 35.8206,150.0000
  214, 1,  4,200.0000, 33.4795,200.0000
  214, 2,  4,150.0000, 26.8603,150.0000
  215, 1,  4,200.0000, 33.4795,200.0000
  215, 2,  4,150.0000, 26.8603,150.0000
  216, 1,  4,200.0000, 33.4795,200.0000
  216, 2,  4,150.0000, 26.8603,150.0000
  217, 1,  4,200.0000, 33.4795,200.0000
  217, 2,  4,150.0000, 23.8735,150.0000
  218, 1,  4,200.0000, 33.4795,200.0000
  218, 2,  4,150.0000, 23.8735,150.0000
  219, 1,  4,200.0000, 33.4795,200.0000
  219, 2,  4,150.0000, 23.8735,150.0000
  220, 1,  4,200.0000, 33.4795,200.0000
  220, 2,  4,150.0000, 22.3801,150.0000
  221, 1,  4,200.0000, 33.4795,200.0000
  221, 2,  4,150.0000, 22.3801,150.0000
  222, 1,  4,200.0000, 33.4795,200.0000
  222, 2,  4,150.0000, 21.4841,150.0000
  223, 1,  4,200.0000, 33.4795,200.0000
  223, 2,  4,150.0000, 35.8206,150.0000
  224, 1,  4,200.0000, 33.4126, 30.5190
  224, 2,  4,150.0000, 35.8206,150.0000
  225, 1,  4,200.0000, 32.6542,200.0000
  225, 2,  4,150.0000, 35.8206,150.0000
  226, 1,  4,200.0000, 33.4795,200.0000
  226, 2,  4,150.0000, 26.8603,150.0000
  227, 1,  4,200.0000, 33.4795,200.0000
  227, 2,  4,150.0000, 26.8603,150.0000
  228, 1,  4,200.0000, 33.0664,169.4252
  228, 2,  4,150.0000, 26.8603,150.0000
  229, 1,  4,200.0000, 33.4795,200.0000
  229, 2,  4,150.0000, 23.8735,150.0000
  230, 1,  4,200.0000, 33.4795,200.0000
  230, 2,  4,150.0000, 23.8735,150.0000
  231, 1,  4,200.0000, 33.4795,200.0000
  231, 2,  4,150.0000, 22.3801,150.0000
  232, 1,  4,200.0000, 33.4795,200.0000
  232, 2,  4,150.0000, 35.8206,150.0000
  233, 1,  4,200.0000, 32.1149,200.0000
  233, 2,  4,150.0000, 35.8206,150.0000
  234, 1,  4,200.0000, 30.4920,200.0000
  234, 2,  4,150.0000, 35.8206,150.0000
  235, 1,  4,200.0000, 33.4795,200.0000
  235, 2,  4,150.0000, 26.8603,150.0000
  236, 1,  4,200.0000, 32.5704,200.0000
  236, 2,  4,150.0000, 26.8603,150.0000
  237, 1,  4,200.0000, 33.4795,200.0000
  237, 2,  4,150.0000, 23.8735,150.0000
  238, 1,  4,200.0000, 32.7681,200.0000
  238, 2,  4,150.0000, 35.8206,150.0000
  239, 1,  4,200.0000, 32.7681,200.0000
  239, 2,  4,150.0000, 35.8206,150.0000
  240, 1,  4,200.0000, 32.7681,200.0000
  240, 2,  4,150.0000, 35.8206,150.0000
  241, 1,  4,200.0000, 32.7681,200.0000
  241, 2,  4,150.0000, 26.8603,150.0000
  242, 1,  4,200.0000, 32.7681,200.0000
  242, 2,  4,150.0000, 26.8603,150.0000
  243, 1,  4,200.0000, 32.7681,200.0000
  243, 2,  4,150.0000, 26.8603,150.0000
  244, 1,  4,200.0000, 32.7681,200.0000
  244, 2,  4,150.0000, 23.8735,150.0000
  245, 1,  4,200.0000, 32.7681,200.0000
  245, 2,  4,150.0000, 23.8735,150.0000
  246, 1,  4,200.0000, 32.7681,200.0000
  246, 2,  4,150.0000, 22.3801,150.0000
  247, 1,  4,200.0000, 32.7681,200.0000
  247, 2,  4,150.0000, 35.8206,150.0000
  248, 1,  4,200.0000, 32.7681,200.0000
  248, 2,  4,150.0000, 35.8206,150.0000
  249, 1,  4,200.0000, 32.4473,154.7452
  249, 2,  4,150.0000, 35.8206,150.0000
  250, 1,  4,200.0000, 32.7681,200.0000
  250, 2,  4,150.0000, 26.8603,150.0000
  251, 1,  4,200.0000, 32.7681,200.0000
  251, 2,  4,150.0000, 26.8603,150.0000
  252, 1,  4,200.0000, 32.7681,200.0000
  252, 2,  4,150.0000, 23.8735,150.0000
  253, 1,  4,200.0000, 32.7681,200.0000
  253, 2,  4,150.0000, 35.8206,150.0000
  254, 1,  4,200.0000, 32.1149,200.0000
  254, 2,  4,150.0000, 35.8206,150.0000
  255, 1,  4,200.0000, 32.7681,200.0000
  255, 2,  4,150.0000, 26.8603,150.0000
