case,i,anode,dest,x,y,ndest,maxdif
    0,    2,    1,    1,200.00, 45.09, 38.50,  6.59
    0,    5,    2,    1, 62.26, 49.43, 47.64,  1.78
    0,    5,    2,    1, 38.84, 49.16, 47.64,  1.52
    0,    5,    2,    1, 32.24, 49.09, 47.64,  1.45
    0,    5,    2,    1, 26.33, 49.03, 47.64,  1.38
    0,    5,    2,    1,  8.16, 48.82, 47.64,  1.18
    0,    5,    2,    1,  3.04, 48.77, 47.64,  1.12
    1,    1,    1,    1,200.00, 56.93, 44.54, 12.39
    4,    1,    1,    1,200.00, 47.05, 44.27,  2.78
    5,    1,    1,    1,200.00, 47.05, 41.22,  5.83
    6,    1,    1,    1,200.00, 47.05, 39.69,  7.36
    8,    1,    1,    1,200.00, 43.76, 41.54,  2.22
   10,    1,    1,    1,200.00, 50.45, 38.05, 12.39
   13,    1,    1,    1,200.00, 40.57, 37.79,  2.78
   14,    1,    1,    1,200.00, 40.57, 34.73,  5.83
   16,    1,    1,    1,200.00, 48.28, 35.89, 12.39
   18,    1,    1,    1,200.00, 38.40, 35.62,  2.78
   19,    1,    1,    1,200.00, 56.93, 44.54, 12.39
   19,    3,    1,    1,200.00, 43.44, 42.63,  0.81
   19,    3,    1,    1,186.55, 43.34, 42.75,  0.58
   19,    3,    1,    1,183.37, 43.31, 42.78,  0.53
   19,    3,    1,    1,180.52, 43.29, 42.81,  0.48
   19,    3,    1,    1,177.90, 43.27, 42.84,  0.44
   19,    3,    1,    1,175.56, 43.26, 42.86,  0.40
   19,    3,    1,    1,173.39, 43.24, 42.88,  0.36
   19,    3,    1,    1,171.46, 43.23, 42.90,  0.33
   19,    3,    1,    1,169.68, 43.21, 42.92,  0.30
   19,    3,    1,    1,168.09, 43.20, 42.93,  0.27
   19,    3,    1,    1,166.62, 43.19, 42.95,  0.24
   19,    3,    1,    1,165.31, 43.18, 42.96,  0.22
   19,    3,    1,    1,164.10, 43.17, 42.97,  0.20
   19,    3,    1,    1,163.02, 43.16, 42.98,  0.18
   19,    3,    1,    1,162.02, 43.15, 42.99,  0.17
   19,    3,    1,    1,161.13, 43.15, 43.00,  0.15
   19,    3,    1,    1,160.31, 43.14, 43.01,  0.14
   19,    3,    1,    1,159.58, 43.14, 43.01,  0.12
   19,    3,    1,    1,158.90, 43.13, 43.02,  0.11
   19,    3,    1,    1,158.30, 43.13, 43.02,  0.10
   19,    3,    1,    1,157.74, 43.12, 43.03,  0.09
   19,    3,    1,    1,157.24, 43.12, 43.03,  0.08
   19,    3,    1,    1,156.78, 43.12, 43.04,  0.08
   19,    3,    1,    1,156.37, 43.11, 43.04,  0.07
   19,    3,    1,    1,155.99, 43.11, 43.05,  0.06
   19,    3,    1,    1,155.65, 43.11, 43.05,  0.06
   19,    3,    1,    1,155.34, 43.10, 43.05,  0.05
   19,    3,    1,    1,155.06, 43.10, 43.06,  0.05
   19,    3,    1,    1,154.81, 43.10, 43.06,  0.04
   19,    3,    1,    1,154.58, 43.10, 43.06,  0.04
   19,    3,    1,    1,154.36, 43.10, 43.06,  0.04
   19,    3,    1,    1,154.18, 43.10, 43.06,  0.03
   19,    3,    1,    1,154.00, 43.09, 43.07,  0.03
   19,    3,    1,    1,153.85, 43.09, 43.07,  0.03
   19,    3,    1,    1,153.70, 43.09, 43.07,  0.02
   19,    3,    1,    1,153.57, 43.09, 43.07,  0.02
   19,    3,    1,    1,153.45, 43.09, 43.07,  0.02
   19,    3,    1,    1,153.35, 43.09, 43.07,  0.02
   19,    3,    1,    1,153.25, 43.09, 43.07,  0.02
   19,    3,    1,    1,153.16, 43.09, 43.07,  0.01
   19,    3,    1,    1,153.08, 43.09, 43.07,  0.01
   19,    3,    1,    1,153.01, 43.09, 43.08,  0.01
   19,    3,    1,    1,152.95, 43.09, 43.08,  0.01
   19,    3,    1,    1,152.89, 43.09, 43.08,  0.01
   19,    3,    1,    1,152.83, 43.09, 43.08,  0.01
   19,    3,    1,    1,152.78, 43.09, 43.08,  0.01
   22,    1,    1,    1,200.00, 47.05, 44.27,  2.78
   22,    3,    1,    1,200.00, 43.44, 42.51,  0.93
   22,    3,    1,    1,183.92, 43.32, 42.65,  0.66
   22,    3,    1,    1,180.11, 43.29, 42.69,  0.60
   22,    3,    1,    1,176.71, 43.26, 42.72,  0.55
   22,    3,    1,    1,173.57, 43.24, 42.74,  0.50
   22,    3,    1,    1,170.77, 43.22, 42.77,  0.45
   22,    3,    1,    1,168.19, 43.20, 42.79,  0.41
   22,    3,    1,    1,165.89, 43.18, 42.81,  0.37
   22,    3,    1,    1,163.76, 43.17, 42.83,  0.34
   22,    3,    1,    1,161.86, 43.15, 42.85,  0.31
   22,    3,    1,    1,160.11, 43.14, 42.86,  0.28
   22,    3,    1,    1,158.54, 43.13, 42.88,  0.25
   22,    3,    1,    1,157.10, 43.12, 42.89,  0.23
   22,    3,    1,    1,155.81, 43.11, 42.90,  0.21
   22,    3,    1,    1,154.62, 43.10, 42.91,  0.19
   22,    3,    1,    1,153.56, 43.09, 42.92,  0.17
   22,    3,    1,    1,152.58, 43.08, 42.93,  0.15
   22,    3,    1,    1,151.71, 43.08, 42.94,  0.14
   22,    3,    1,    1,150.91, 43.07, 42.94,  0.13
   22,    3,    1,    1,150.19, 43.07, 42.95,  0.12
   22,    3,    1,    1,149.52, 43.06, 42.96,  0.11
   22,    3,    1,    1,148.93, 43.06, 42.96,  0.10
   22,    3,    1,    1,148.38, 43.05, 42.97,  0.09
   22,    3,    1,    1,147.89, 43.05, 42.97,  0.08
   22,    3,    1,    1,147.44, 43.05, 42.97,  0.07
   22,    3,    1,    1,147.04, 43.04, 42.98,  0.06
   22,    3,    1,    1,146.67, 43.04, 42.98,  0.06
   22,    3,    1,    1,146.34, 43.04, 42.98,  0.05
   22,    3,    1,    1,146.03, 43.04, 42.99,  0.05
   22,    3,    1,    1,145.76, 43.03, 42.99,  0.04
   22,    3,    1,    1,145.51, 43.03, 42.99,  0.04
   22,    3,    1,    1,145.29, 43.03, 42.99,  0.04
   22,    3,    1,    1,145.08, 43.03, 43.00,  0.03
   22,    3,    1,    1,144.89, 43.03, 43.00,  0.03
   22,    3,    1,    1,144.72, 43.03, 43.00,  0.03
   22,    3,    1,    1,144.57, 43.02, 43.00,  0.02
   22,    3,    1,    1,144.43, 43.02, 43.00,  0.02
   22,    3,    1,    1,144.30, 43.02, 43.00,  0.02
   22,    3,    1,    1,144.19, 43.02, 43.00,  0.02
   22,    3,    1,    1,144.09, 43.02, 43.00,  0.02
   22,    3,    1,    1,143.99, 43.02, 43.01,  0.02
   22,    3,    1,    1,143.91, 43.02, 43.01,  0.01
   22,    3,    1,    1,143.83, 43.02, 43.01,  0.01
   22,    3,    1,    1,143.76, 43.02, 43.01,  0.01
   22,    3,    1,    1,143.69, 43.02, 43.01,  0.01
   22,    3,    1,    1,143.63, 43.02, 43.01,  0.01
   23,    1,    1,    1,200.00, 47.05, 41.22,  5.83
   24,    3,    1,    1,181.45, 43.30, 42.03,  1.27
   24,    2,    1,    1,  1.31, 42.77, 42.22,  0.55
   24,    3,    1,    1,161.16, 43.15, 42.22,  0.93
   24,    2,    1,    1,  0.73, 42.81, 42.26,  0.55
   24,    3,    1,    1,156.71, 43.12, 42.26,  0.85
   24,    3,    1,    1,152.91, 43.09, 42.30,  0.79
   24,    3,    1,    1,148.90, 43.06, 42.34,  0.72
   24,    3,    1,    1,145.34, 43.03, 42.37,  0.66
   24,    3,    1,    1,141.98, 43.01, 42.40,  0.60
   24,    3,    1,    1,139.00, 42.98, 42.43,  0.55
   24,    3,    1,    1,136.20, 42.96, 42.46,  0.50
   24,    3,    1,    1,133.70, 42.94, 42.48,  0.46
   24,    3,    1,    1,131.36, 42.93, 42.50,  0.42
   24,    3,    1,    1,129.27, 42.91, 42.52,  0.39
   24,    3,    1,    1,127.31, 42.90, 42.54,  0.35
   24,    3,    1,    1,125.57, 42.88, 42.56,  0.32
   24,    3,    1,    1,123.92, 42.87, 42.58,  0.29
   24,    3,    1,    1,122.46, 42.86, 42.59,  0.27
   24,    3,    1,    1,121.09, 42.85, 42.60,  0.25
   24,    3,    1,    1,119.87, 42.84, 42.61,  0.23
   24,    3,    1,    1,118.72, 42.83, 42.63,  0.21
   24,    3,    1,    1,117.70, 42.82, 42.64,  0.19
   24,    3,    1,    1,116.74, 42.82, 42.64,  0.17
   24,    3,    1,    1,115.89, 42.81, 42.65,  0.16
   24,    3,    1,    1,115.09, 42.80, 42.66,  0.14
   24,    3,    1,    1,114.37, 42.80, 42.67,  0.13
   24,    3,    1,    1,113.70, 42.79, 42.67,  0.12
   24,    3,    1,    1,113.10, 42.79, 42.68,  0.11
   24,    3,    1,    1,112.54, 42.79, 42.68,  0.10
   24,    3,    1,    1,112.04, 42.78, 42.69,  0.09
   24,    3,    1,    1,111.57, 42.78, 42.69,  0.08
   24,    3,    1,    1,111.15, 42.77, 42.70,  0.08
   24,    3,    1,    1,110.76, 42.77, 42.70,  0.07
   24,    3,    1,    1,110.41, 42.77, 42.70,  0.06
   24,    3,    1,    1,110.08, 42.77, 42.71,  0.06
   24,    3,    1,    1,109.79, 42.76, 42.71,  0.05
   24,    3,    1,    1,109.52, 42.76, 42.71,  0.05
   24,    3,    1,    1,109.27, 42.76, 42.72,  0.05
   24,    3,    1,    1,109.04, 42.76, 42.72,  0.04
   24,    3,    1,    1,108.84, 42.76, 42.72,  0.04
   24,    3,    1,    1,108.64, 42.76, 42.72,  0.03
   24,    3,    1,    1,108.47, 42.75, 42.72,  0.03
   24,    3,    1,    1,108.31, 42.75, 42.72,  0.03
   24,    3,    1,    1,108.17, 42.75, 42.73,  0.03
   24,    3,    1,    1,108.03, 42.75, 42.73,  0.02
   24,    3,    1,    1,107.92, 42.75, 42.73,  0.02
   24,    3,    1,    1,107.80, 42.75, 42.73,  0.02
   24,    3,    1,    1,107.70, 42.75, 42.73,  0.02
   24,    3,    1,    1,107.61, 42.75, 42.73,  0.02
   24,    3,    1,    1,107.52, 42.75, 42.73,  0.02
   24,    3,    1,    1,107.45, 42.75, 42.73,  0.01
   24,    3,    1,    1,107.38, 42.75, 42.73,  0.01
   24,    3,    1,    1,107.31, 42.75, 42.73,  0.01
   24,    3,    1,    1,107.25, 42.75, 42.73,  0.01
   24,    3,    1,    1,107.20, 42.75, 42.74,  0.01
   24,    3,    1,    1,107.15, 42.74, 42.74,  0.01
   25,    1,    1,    1,200.00, 50.45, 38.05, 12.39
   27,    1,    1,    1,200.00, 40.57, 37.79,  2.78
   28,    1,    1,    1,200.00, 48.28, 35.89, 12.39
   29,    1,    1,    1,200.00, 56.93, 44.54, 12.39
   30,    2,    1,    1,200.00, 40.76, 37.46,  3.30
   31,    1,    1,    1,200.00, 47.05, 44.27,  2.78
   32,    1,    1,    1,200.00, 50.45, 38.05, 12.39
   32,    3,    1,    1, 59.11, 37.76, 37.68,  0.08
   32,    3,    1,    1, 57.15, 37.75, 37.69,  0.06
   32,    3,    1,    1, 56.69, 37.75, 37.70,  0.05
   32,    3,    1,    1, 56.27, 37.74, 37.70,  0.05
   32,    3,    1,    1, 55.89, 37.74, 37.70,  0.04
   32,    3,    1,    1, 55.55, 37.74, 37.70,  0.04
   32,    3,    1,    1, 55.24, 37.74, 37.70,  0.03
   32,    3,    1,    1, 54.96, 37.74, 37.71,  0.03
   32,    3,    1,    1, 54.71, 37.74, 37.71,  0.03
   32,    3,    1,    1, 54.48, 37.73, 37.71,  0.03
   32,    3,    1,    1, 54.27, 37.73, 37.71,  0.02
   32,    3,    1,    1, 54.08, 37.73, 37.71,  0.02
   32,    3,    1,    1, 53.91, 37.73, 37.71,  0.02
   32,    3,    1,    1, 53.75, 37.73, 37.71,  0.02
   32,    3,    1,    1, 53.61, 37.73, 37.71,  0.02
   32,    3,    1,    1, 53.48, 37.73, 37.72,  0.01
   32,    3,    1,    1, 53.37, 37.73, 37.72,  0.01
   32,    3,    1,    1, 53.26, 37.73, 37.72,  0.01
   32,    3,    1,    1, 53.17, 37.73, 37.72,  0.01
   32,    3,    1,    1, 53.08, 37.73, 37.72,  0.01
   33,    1,    1,    1,200.00, 56.93, 44.54, 12.39
