9638.335000000001,7.532499999999999	1,	3,	5,	3
9638.335000000001,7.532499999999999	2,	3,	5,	3
9638.335000000001,7.532499999999999	3,	3,	5,	3
9638.335000000001,7.532499999999999	4,	3,	5,	3
9717.395,7.809200000000001	1,	3,	5,	3
9717.395,7.809200000000001	2,	3,	5,	3
9717.395,7.809200000000001	3,	3,	5,	3
9717.395,7.809200000000001	4,	3,	5,	3
9717.395,7.809200000000001	1,	3,	5,	3
9873.645,8.148	2,	3,	5,	3
9873.645,8.148	3,	3,	5,	3
9873.645,8.148	4,	3,	5,	3
9873.645,8.148	1,	3,	5,	3
9873.645,8.148	2,	3,	5,	3
9873.645,8.148	3,	3,	5,	3
10236.825,8.572199999999999	4,	3,	5,	3
10236.825,8.572199999999999	1,	3,	4,	3
10236.825,8.572199999999999	2,	3,	4,	3
10236.825,8.572199999999999	3,	3,	4,	3
10236.825,8.572199999999999	4,	3,	4,	3
10236.825,8.572199999999999	5,	3,	4,	3
10236.825,8.572199999999999	1,	3,	4,	3
11471.490000000002,9.1191	2,	3,	4,	3
11471.490000000002,9.1191	3,	3,	4,	3
11471.490000000002,9.1191	4,	3,	4,	3
11471.490000000002,9.1191	5,	3,	4,	3
11471.490000000002,9.1191	1,	3,	4,	3
11471.490000000002,9.1191	2,	3,	4,	3
11471.490000000002,9.1191	3,	3,	4,	3
