id,tc,fair
0,23377.95,-2.1083
1,23374.4175,-2.0925999999999974
2,23370.885000000002,-2.076899999999995
3,23367.3525,-2.0611999999999995
4,23363.864999999998,-2.0456999999999965
5,23360.377500000002,-2.0302000000000007
6,23356.934999999998,-2.0148999999999972
7,23353.47,-1.9994999999999976
8,23350.050000000003,-1.9842999999999975
9,23346.63,-1.9690999999999974
10,23343.255,-1.9540999999999968
11,23339.8575,-1.939
12,23336.504999999997,-1.9240999999999957
13,23333.1525,-1.9091999999999985
14,23329.822500000002,-1.8943999999999974
15,23326.515,-1.8796999999999997
16,23323.23,-1.8650999999999982
17,23319.945,-1.8504999999999967
18,23316.682500000003,-1.8359999999999985
19,23313.42,-1.8215000000000003
20,23310.18,-1.8070999999999984
21,23306.9625,-1.7927999999999997
22,23303.7675,-1.7785999999999973
23,23300.572500000002,-1.7643999999999949
24,23297.4,-1.7502999999999957
25,23294.25,-1.7363
26,23291.1,-1.722299999999997
27,23287.9725,-1.7083999999999975
28,23284.845,-1.694499999999998
29,23281.7625,-1.6807999999999979
30,23278.6575,-1.6669999999999945
31,23275.5975,-1.6533999999999978
32,23272.5375,-1.639799999999994
33,23269.5,-1.6263000000000005
34,23266.4625,-1.6128
35,23263.447500000002,-1.5993999999999957
36,23260.455,-1.5860999999999947
37,23257.4625,-1.5727999999999938
38,23254.4925,-1.559599999999996
39,23251.5225,-1.5463999999999984
40,23248.575,-1.533299999999997
41,23245.65,-1.5202999999999989
42,23242.725,-1.5072999999999936
43,23239.822500000002,-1.4943999999999988
44,23236.92,-1.481499999999997
45,23234.04,-1.4686999999999983
46,23231.182500000003,-1.455999999999996
47,23228.324999999997,-1.4432999999999936
48,23225.489999999998,-1.4306999999999945
49,23222.655,-1.4180999999999955
50,23219.8425,-1.4055999999999997
51,23217.03,-1.393099999999997
52,23214.239999999998,-1.3806999999999974
53,23211.45,-1.3682999999999979
54,23208.6825,-1.3559999999999945
55,23205.9375,-1.3437999999999946
56,23203.192499999997,-1.3315999999999946
57,23200.447500000002,-1.3193999999999946
58,23197.725,-1.307299999999998
59,23195.025,-1.2952999999999975
60,23192.325,-1.283299999999997
61,23189.6475,-1.2713999999999999
62,23186.97,-1.2594999999999956
63,23184.315000000002,-1.2476999999999947
64,23181.66,-1.2358999999999938
65,23179.0275,-1.2241999999999962
66,23176.395,-1.2124999999999986
67,23173.785,-1.2008999999999972
68,23171.175,-1.1892999999999958
69,23168.5875,-1.1777999999999977
70,23166.0,-1.1662999999999997
71,23163.434999999998,-1.1548999999999978
72,23160.870000000003,-1.143499999999996
73,23158.3275,-1.1321999999999974
74,23155.785,-1.120899999999999
75,23153.2425,-1.1096000000000004
76,23150.745,-1.0984999999999943
77,23148.225,-1.087299999999999
78,23145.7275,-1.0762
79,23143.252500000002,-1.0651999999999973
80,23140.7775,-1.0541999999999945
81,23138.302499999998,-1.0431999999999988
82,23135.85,-1.0322999999999993
83,23133.3975,-1.0213999999999999
84,23130.9675,-1.0105999999999966
85,23128.5375,-0.9998000000000005
86,23126.13,-0.9891000000000005
87,23123.722500000003,-0.9784000000000006
88,23121.3375,-0.9677999999999969
89,23118.9525,-0.9572000000000003
90,23116.567499999997,-0.9465999999999966
91,23114.205,-0.9360999999999962
92,23111.8425,-0.9255999999999958
93,23109.502500000002,-0.9151999999999987
94,23107.1625,-0.9047999999999945
95,23104.822500000002,-0.8943999999999974
96,23102.504999999997,-0.8840999999999966
97,23100.21,-0.873899999999999
98,23097.8925,-0.8635999999999981
99,23095.620000000003,-0.8534999999999968
100,23093.325,-0.8432999999999993
101,23091.052499999998,-0.8331999999999979
102,23088.8025,-0.8231999999999999
103,23086.53,-0.8130999999999986
104,23084.302499999998,-0.8031999999999968
105,23082.052499999998,-0.7931999999999988
106,23079.825,-0.783299999999997
107,23077.620000000003,-0.7734999999999985
108,23075.3925,-0.7635999999999967
109,23073.21,-0.7538999999999945
110,23071.004999999997,-0.744099999999996
111,23068.822500000002,-0.7343999999999937
112,23066.64,-0.7246999999999986
113,23064.480000000003,-0.7150999999999996
114,23062.32,-0.7055000000000007
115,23060.16,-0.6958999999999946
116,23058.0225,-0.686399999999999
117,23055.885000000002,-0.6768999999999963
118,23053.77,-0.6674999999999969
119,23051.655,-0.6580999999999975
120,23049.54,-0.6486999999999981
121,23047.447500000002,-0.6393999999999949
122,23045.355000000003,-0.6300999999999988
123,23043.2625,-0.6207999999999956
124,23041.192499999997,-0.6115999999999957
125,23039.122499999998,-0.6023999999999958
126,23037.052499999998,-0.593199999999996
127,23035.005,-0.5840999999999994
128,23032.9575,-0.5749999999999957
129,23030.91,-0.5658999999999992
130,23028.885000000002,-0.5568999999999988
131,23026.86,-0.5478999999999985
132,23024.8575,-0.5389999999999944
133,23022.832499999997,-0.529999999999994
134,23020.8525,-0.5212000000000003
135,23018.85,-0.5122999999999962
136,23016.87,-0.5034999999999954
137,23014.89,-0.4946999999999946
138,23012.91,-0.4858999999999938
139,23010.9525,-0.4771999999999963
140,23008.995000000003,-0.4684999999999988
141,23007.059999999998,-0.45989999999999753
142,23005.1025,-0.45120000000000005
143,23003.167500000003,-0.44259999999999877
144,23001.254999999997,-0.4340999999999937
145,22999.32,-0.42549999999999955
146,22997.4075,-0.4169999999999945
147,22995.5175,-0.40859999999999985
148,22993.605,-0.4000999999999948
149,22991.715,-0.39170000000000016
150,22989.825,-0.3832999999999984
151,22987.9575,-0.375
152,22986.09,-0.3666999999999945
153,22984.2225,-0.35839999999999606
154,22982.355,-0.35009999999999764
155,22980.510000000002,-0.34189999999999543
156,22978.665,-0.33370000000000033
157,22976.82,-0.3254999999999981
158,22974.9975,-0.31739999999999924
159,22973.175000000003,-0.30930000000000035
160,22971.3525,-0.30119999999999436
161,22969.53,-0.2930999999999955
162,22967.730000000003,-0.2850999999999999
163,22965.93,-0.27709999999999724
164,22964.129999999997,-0.26909999999999457
165,22962.3525,-0.2611999999999952
166,22960.575,-0.25329999999999586
167,22958.7975,-0.2453999999999965
168,22957.042500000003,-0.23760000000000048
169,22955.265,-0.22969999999999402
170,22953.510000000002,-0.221899999999998
171,22951.7775,-0.21419999999999817
172,22950.0225,-0.20639999999999503
173,22948.29,-0.1986999999999952
174,22946.5575,-0.1909999999999954
175,22944.825,-0.18329999999999558
176,22943.114999999998,-0.17569999999999908
177,22941.405,-0.16809999999999548
178,22939.695,-0.16049999999999898
179,22937.985,-0.15289999999999537
180,22936.2975,-0.1453999999999951
181,22934.61,-0.1378999999999948
182,22932.9225,-0.13039999999999452
183,22931.2575,-0.12299999999999756
184,22929.57,-0.11549999999999727
185,22927.905,-0.10810000000000031
186,22926.239999999998,-0.10069999999999624
187,22924.5975,-0.09339999999999549
188,22922.932500000003,-0.08599999999999852
189,22921.29,-0.07869999999999777
190,22919.67,-0.07150000000000034
191,22918.0275,-0.06419999999999959
192,22916.4075,-0.056999999999995055
193,22914.7875,-0.049799999999997624
194,22913.167500000003,-0.04260000000000019
195,22911.5475,-0.03539999999999566
196,22909.949999999997,-0.02829999999999444
197,22908.3525,-0.02120000000000033
198,22906.755,-0.014099999999999113
199,22905.1575,-0.006999999999997897
200,22903.5825,0
201,22902.0075,0.0
202,22900.432500000003,0.0
203,22898.8575,0.0
204,22897.305,0.0
205,22895.730000000003,0.0
206,22894.177499999998,0.0
207,22892.6475,0.0
208,22891.095,0.0
209,22889.565000000002,0.0
210,22888.035,0.0
211,22886.504999999997,0.0
212,22884.975,0.0
213,22883.4675,0.0
214,22881.9375,0.0
215,22880.43,0.0
216,22878.945,0.0
217,22877.4375,0.0
218,22875.9525,0.0
219,22874.4675,0.0
220,22872.9825,0.0
221,22871.4975,0.0
222,22870.035,0.0
223,22868.55,0.0
224,22867.0875,0.0
225,22865.625,0.0
226,22864.185,0.0
227,22862.7225,0.0
228,22861.2825,0.0
229,22859.8425,0.0
230,22858.4025,0.0
231,22856.9625,0.0
232,22855.545,0.0
233,22854.127500000002,0.0
234,22852.71,0.0
235,22851.2925,0.0
236,22849.875,0.0
237,22848.480000000003,0.0
238,22847.0625,0.0
239,22845.6675,0.0
240,22844.295,0.0
241,22842.9,0.0
242,22841.505,0.0
243,22840.1325,0.0
244,22838.760000000002,0.0
245,22837.3875,0.0
246,22836.015,0.0
247,22834.665,0.0
248,22833.2925,0.0
249,22831.942499999997,0.0
250,22830.5925,0.0
251,22829.265,0.0
252,22827.915,0.0
253,22826.5875,0.0
254,22825.2375,0.0
255,22823.91,0.0
256,22822.5825,0.0
257,22821.2775,0.0
258,22819.95,0.0
259,22818.645,0.0
260,22817.34,0.0
261,22816.035,0.0
262,22814.730000000003,0.0
263,22813.425000000003,0.0
264,22812.1425,0.0
265,22810.8375,0.0
266,22809.555,0.0
267,22808.2725,0.0
268,22807.0125,0.0
269,22805.73,0.0
270,22804.447500000002,0.0
271,22803.1875,0.0
272,22801.927499999998,0.0
273,22800.667500000003,0.0
274,22799.4075,0.0
275,22798.17,0.0
276,22796.910000000003,0.0
277,22795.6725,0.0
278,22794.434999999998,0.0
279,22793.197500000002,0.0
280,22791.96,0.0
281,22790.745000000003,0.0
282,22789.5075,0.0
283,22788.292500000003,0.0
284,22787.0775,0.0
285,22785.862500000003,0.0
286,22784.6475,0.0
287,22783.4325,0.0
288,22782.239999999998,0.0
289,22781.025,0.0
290,22779.8325,0.0
291,22778.64,0.0
292,22777.447500000002,0.0
293,22776.254999999997,0.0
294,22775.085,0.0
295,22773.8925,0.0
296,22772.7225,0.0
297,22771.552499999998,0.0
298,22770.3825,0.0
299,22766.2425,0.014099999999999113
300,22765.155,0.02289999999999992
301,22763.8875,0.031999999999996476
302,22762.35,0.04169999999999874
303,22761.614999999998,0.04970000000000141
304,22759.845,0.059799999999995634
305,22758.7425,0.06850000000000023
306,22757.67,0.0771000000000015
307,22756.0875,0.08679999999999666
308,22755.097500000003,0.0951999999999984
309,22753.574999999997,0.10470000000000113
310,22752.614999999998,0.11299999999999955
311,22751.122499999998,0.12239999999999895
312,22749.637499999997,0.13170000000000215
313,22748.760000000002,0.13980000000000103
314,22747.305,0.1490000000000009
315,22745.872499999998,0.15820000000000078
316,22744.980000000003,0.16619999999999635
317,22743.5775,0.1753
318,22742.1525,0.18439999999999657
319,22740.7575,0.1933999999999969
320,22739.8725,0.20129999999999626
321,22738.4775,0.2102999999999966
322,22737.06,0.21929999999999694
323,22735.6725,0.22820000000000107
324,22734.285000000003,0.2370999999999981
325,22733.4075,0.24490000000000123
326,22732.05,0.25370000000000203
327,22730.67,0.26249999999999574
328,22729.29,0.27129999999999654
329,22727.887499999997,0.28009999999999735
330,22726.485,0.28889999999999816
331,22725.644999999997,0.29650000000000176
332,22724.2725,0.30519999999999925
333,22722.9,0.31389999999999674
334,22721.5575,0.322499999999998
335,22720.162500000002,0.3311999999999955
336,22718.7975,0.33979999999999677
337,22717.41,0.34839999999999804
338,22716.0225,0.3569999999999993
339,22715.22,0.35130000000000194
340,22713.8325,0.34600000000000364
341,22712.475,0.34070000000000533
342,22711.095,0.33550000000000324
343,22709.715000000004,0.33030000000000115
344,22708.364999999998,0.32510000000000616
345,22706.985,0.31990000000000407
346,22705.6125,0.3148000000000053
347,22704.262499999997,0.3096000000000032
348,22703.4525,0.303600000000003
349,22702.08,0.2985000000000042
350,22700.715,0.29350000000000165
351,22699.3725,0.2884000000000029
352,22698.0075,0.2834000000000003
353,22696.62,0.2785000000000011
354,22695.254999999997,0.2735000000000056
355,22693.8975,0.2686000000000064
356,22692.532499999998,0.26360000000000383
357,22691.152500000004,0.2588000000000008
358,22689.795,0.25390000000000157
359,22688.97,0.24810000000000088
360,22687.620000000003,0.24330000000000496
361,22686.27,0.23850000000000193
362,22684.89,0.23370000000000601
363,22683.517499999998,0.2290000000000063
364,22682.197500000002,0.22420000000000329
365,22680.824999999997,0.21950000000000358
366,22679.4525,0.21480000000000388
367,22678.0875,0.2102000000000004
368,22676.745000000003,0.20550000000000068
369,22675.379999999997,0.2009000000000043
370,22674.015,0.1963000000000008
371,22672.65,0.19170000000000442
372,22671.2925,0.18720000000000425
373,22670.489999999998,0.1817000000000064
374,22669.1025,0.17720000000000624
375,22667.745000000003,0.17270000000000607
376,22666.417499999996,0.1682000000000059
377,22665.0375,0.16380000000000194
378,22663.6875,0.1594000000000051
379,22662.307500000003,0.15500000000000114
380,22660.9575,0.15060000000000429
381,22659.6075,0.14620000000000033
382,22658.235,0.1418999999999997
383,22656.915,0.13750000000000284
384,22655.5425,0.1332000000000022
385,22654.199999999997,0.12890000000000157
386,22652.835,0.12470000000000425
387,22651.4625,0.12040000000000362
388,22650.1275,0.1162000000000063
389,22649.295,0.11110000000000042
390,22647.93,0.1069000000000031
391,22646.572500000002,0.102800000000002
392,22645.2375,0.09860000000000468
393,22643.879999999997,0.09450000000000358
394,22642.5225,0.09040000000000248
395,22641.165,0.08630000000000138
396,22639.807500000003,0.08220000000000027
397,22638.4575,0.07820000000000249
398,22637.129999999997,0.07410000000000139
399,22635.75,0.0701000000000036
400,22634.4,0.06610000000000582
401,22633.11,0.06210000000000093
402,22631.8125,0.05799999999999983
403,22630.5225,0.054000000000002046
404,22629.255000000005,0.049900000000000944
405,22627.965000000004,0.04590000000000316
406,22626.704999999998,0.04190000000000538
407,22625.392499999998,0.03800000000000381
408,22624.102499999997,0.034000000000006025
409,22622.2875,0.03100000000000591
410,22621.027500000004,0.027000000000001023
411,22619.745000000003,0.023099999999999454
412,22618.462499999998,0.01920000000000499
413,22617.1875,0.015399999999999636
414,22615.905,0.011500000000005173
415,22614.629999999997,0.007699999999999818
416,22613.325,0.003900000000001569
417,22612.05,0.00010000000000331966
418,22610.774999999998,-0.0036999999999949296
419,22609.4775,-0.0073999999999969646
420,22608.2025,-0.011199999999995214
421,22606.402499999997,-0.013999999999995794
422,22605.135000000002,-0.01769999999999783
423,22603.8375,-0.021399999999999864
424,22602.57,-0.025099999999994793
425,22601.28,-0.028700000000000614
426,22600.012499999997,-0.032399999999995543
427,22598.722499999996,-0.03599999999999426
428,22597.4625,-0.03960000000000008
429,22596.1725,-0.043199999999998795
430,22594.9125,-0.04679999999999751
431,22593.63,-0.05030000000000001
432,22592.34,-0.05389999999999873
433,22591.0575,-0.05739999999999412
434,22589.2725,-0.05999999999999517
435,22587.99,-0.06349999999999767
436,22586.737500000003,-0.06700000000000017
437,22585.432500000003,-0.07039999999999935
438,22584.18,-0.07389999999999475
439,22582.905,-0.07729999999999393
440,22581.63,-0.08070000000000022
441,22580.355000000003,-0.0840999999999994
442,22579.08,-0.08749999999999858
443,22577.835,-0.09089999999999776
444,22576.5375,-0.09419999999999362
445,22574.7375,-0.09659999999999513
446,22573.4925,-0.09999999999999432
447,22572.225,-0.10329999999999728
448,22570.9575,-0.10660000000000025
449,22569.69,-0.10989999999999611
450,22568.4,-0.11309999999999576
451,22567.1625,-0.11639999999999873
452,22565.8725,-0.11959999999999837
453,22564.6125,-0.12279999999999802
454,22563.3525,-0.12599999999999767
455,22562.0925,-0.12919999999999732
456,22560.8325,-0.13239999999999696
457,22559.0175,-0.13459999999999894
458,22557.7575,-0.1377999999999986
459,22556.504999999997,-0.14089999999999492
460,22555.274999999998,-0.14409999999999457
461,22553.9925,-0.147199999999998
462,22552.739999999998,-0.15029999999999433
463,22551.4875,-0.15339999999999776
464,22550.2125,-0.15639999999999787
465,22548.989999999998,-0.1594999999999942
466,22547.715,-0.16249999999999432
467,22545.9075,-0.16460000000000008
468,22544.6625,-0.1676000000000002
469,22543.417500000003,-0.1706000000000003
470,22542.1725,-0.17360000000000042
471,22540.9275,-0.17660000000000053
472,22539.682500000003,-0.17960000000000065
473,22538.445,-0.18249999999999744
474,22537.199999999997,-0.18549999999999756
475,22535.932500000003,-0.18839999999999435
476,22534.695,-0.19129999999999825
477,22532.925,-0.1932999999999936
478,22531.6875,-0.1961999999999975
479,22530.449999999997,-0.19909999999999428
480,22529.2425,-0.20199999999999818
481,22527.9825,-0.20479999999999876
482,22526.775,-0.20769999999999555
483,22525.515,-0.21049999999999613
484,22524.285000000003,-0.21329999999999671
485,22522.5225,-0.21519999999999584
486,22521.2925,-0.21799999999999642
487,22520.0925,-0.220799999999997
488,22518.8625,-0.22359999999999758
489,22517.6325,-0.22639999999999816
490,22516.432500000003,-0.22919999999999874
491,22515.21,-0.231899999999996
492,22513.4775,-0.23379999999999512
493,22512.254999999997,-0.2364999999999995
494,22511.0625,-0.23919999999999675
495,22509.862500000003,-0.24199999999999733
496,22508.67,-0.2446999999999946
497,22507.447500000002,-0.24739999999999895
498,22505.752500000002,-0.24919999999999476
499,22504.559999999998,-0.2518999999999991
500,22503.3675,-0.2545999999999964
501,22502.205,-0.25729999999999364
502,22501.0125,-0.259999999999998
503,22499.325,-0.2616999999999976
504,22498.1625,-0.26439999999999486
505,22497.0,-0.2670999999999992
506,22495.8675,-0.2697999999999965
507,22494.18,-0.2714999999999961
508,22493.0775,-0.27420000000000044
509,22491.945,-0.2768999999999977
510,22490.8425,-0.27959999999999496
511,22489.2075,-0.2813999999999979
512,22488.135000000002,-0.28409999999999513
513,22486.552499999998,-0.28599999999999426
514,22485.510000000002,-0.2886999999999986
515,22483.9575,-0.29059999999999775
516,22482.989999999998,-0.29349999999999454
517,22481.497499999998,-0.29539999999999367
518,22480.6125,-0.2983999999999938
519,22479.225000000002,-0.30049999999999955
520,22477.994999999995,-0.30289999999999395
521,22476.345,-0.30449999999999733
522,22475.4375,-0.3073999999999941
523,22474.08,-0.3094999999999999
524,22474.2075,-0.3141999999999996
525,22471.447500000002,-0.3138000000000005
526,22466.535000000003,-0.3096999999999994
527,22461.6225,-0.3055999999999983
528,22456.739999999998,-0.3014999999999972
529,22451.8575,-0.2973999999999961
530,22447.004999999997,-0.293299999999995
531,22442.122499999998,-0.2891999999999939
532,22437.322500000002,-0.2851999999999961
533,22432.47,-0.281099999999995
534,22427.67,-0.27709999999999724
535,22422.847499999996,-0.27299999999999613
536,22418.0775,-0.26899999999999835
537,22413.307500000003,-0.26500000000000057
538,22408.515,-0.26089999999999947
539,22403.775,-0.2568999999999946
540,22399.035,-0.2528999999999968
541,22394.295000000002,-0.248899999999999
542,22389.6075,-0.24499999999999744
543,22384.8975,-0.24099999999999966
544,22380.1875,-0.23699999999999477
545,22375.53,-0.2331000000000003
546,22370.85,-0.22909999999999542
547,22366.192499999997,-0.22519999999999385
548,22361.542500000003,-0.22119999999999607
549,22356.915,-0.2172999999999945
550,22352.2875,-0.21340000000000003
551,22347.690000000002,-0.20949999999999847
552,22343.0925,-0.2055999999999969
553,22338.525,-0.20169999999999533
554,22333.927499999998,-0.19779999999999376
555,22329.36,-0.1938999999999993
556,22324.845,-0.19009999999999394
557,22320.277500000004,-0.18619999999999948
558,22315.7625,-0.18239999999999412
559,22311.255,-0.17849999999999966
560,22306.739999999998,-0.1746999999999943
561,22302.255,-0.17089999999999606
562,22297.800000000003,-0.1670999999999978
563,22293.2925,-0.16319999999999624
564,22288.8375,-0.159399999999998
565,22284.3825,-0.15559999999999974
566,22279.98,-0.1518999999999977
567,22275.555,-0.14809999999999945
568,22271.129999999997,-0.1442999999999941
569,22266.705,-0.14049999999999585
570,22262.332499999997,-0.13679999999999382
571,22257.9375,-0.13299999999999557
572,22253.595,-0.12930000000000064
573,22249.2225,-0.1255999999999986
574,22244.857500000002,-0.12180000000000035
575,22240.545000000002,-0.11809999999999832
576,22236.2025,-0.11439999999999628
577,22231.89,-0.11069999999999425
578,22227.5775,-0.10699999999999932
579,22223.295,-0.10329999999999728
580,22219.035,-0.09969999999999857
581,22214.752500000002,-0.09599999999999653
582,22210.47,-0.0922999999999945
583,22206.239999999998,-0.08869999999999578
584,22201.987499999996,-0.08499999999999375
585,22197.7575,-0.08139999999999503
586,22193.535,-0.0777000000000001
587,22189.335,-0.07409999999999428
588,22185.135000000002,-0.07049999999999557
589,22180.935,-0.06689999999999685
590,22176.765,-0.06329999999999814
591,22172.595,-0.05969999999999942
592,22168.425000000003,-0.0560999999999936
593,22164.285,-0.052499999999994884
594,22160.114999999998,-0.04889999999999617
595,22155.997499999998,-0.04539999999999367
596,22151.887499999997,-0.04179999999999495
597,22147.777499999997,-0.03819999999999624
598,22143.659999999996,-0.034699999999993736
599,22139.58,-0.03109999999999502
600,22135.4925,-0.027599999999999625
601,22131.435,-0.024099999999997124
602,22127.377499999995,-0.020599999999994623
603,22123.32,-0.017099999999999227
604,22119.2925,-0.013599999999996726
605,22115.265,-0.010099999999994225
606,22111.237500000003,-0.006599999999998829
607,22107.21,-0.003099999999996328
608,22103.2125,0.0004000000000061732
609,22099.215,0.003900000000001569
610,22095.239999999998,0.00730000000000075
611,22091.2425,0.010800000000003251
612,22087.2975,0.014200000000002433
613,22083.33,0.017700000000004934
614,22079.385000000002,0.021100000000004115
615,22075.447500000002,0.02459999999999951
616,22071.5025,0.028000000000005798
617,22067.5875,0.03140000000000498
618,22063.7025,0.03480000000000416
619,22059.7875,0.03820000000000334
620,22055.9025,0.041600000000002524
621,22052.0175,0.045000000000001705
622,22048.1325,0.04840000000000089
623,22044.277500000004,0.05180000000000007
624,22040.445,0.055100000000003035
625,22036.59,0.05850000000000222
626,22032.7575,0.061800000000005184
627,22028.9025,0.06520000000000437
628,22025.1,0.06850000000000023
629,22021.275,0.07189999999999941
630,22017.4725,0.07520000000000238
631,22013.7,0.07850000000000534
632,22009.927499999998,0.0818000000000012
633,22006.1325,0.08520000000000039
634,22002.36,0.08850000000000335
635,21998.5875,0.09180000000000632
636,21994.8675,0.09500000000000597
637,21991.125,0.09830000000000183
638,21987.3825,0.1016000000000048
639,21983.670000000002,0.10490000000000066
640,21979.927499999998,0.10820000000000363
641,21976.237500000003,0.11140000000000327
642,21972.555,0.11470000000000624
643,21968.864999999998,0.11790000000000589
644,21965.182500000003,0.12120000000000175
645,21961.4925,0.1244000000000014
646,21957.832500000004,0.12760000000000105
647,21954.2025,0.1308000000000007
648,21950.52,0.13410000000000366
649,21946.89,0.1373000000000033
650,21943.26,0.14050000000000296
651,21939.63,0.1437000000000026
652,21936.03,0.14690000000000225
653,21932.4,0.1501000000000019
654,21928.822500000002,0.15320000000000533
655,21925.222499999996,0.15640000000000498
656,21921.6525,0.15960000000000463
657,21918.075,0.16270000000000095
658,21914.505,0.1659000000000006
659,21910.935,0.16910000000000025
660,21907.387499999997,0.17220000000000368
661,21903.870000000003,0.1753
662,21900.33,0.17849999999999966
663,21896.8125,0.1816000000000031
664,21893.295000000002,0.18469999999999942
665,21889.777499999997,0.18780000000000285
666,21886.29,0.1909000000000063
667,21882.7725,0.19400000000000261
668,21879.284999999996,0.19710000000000605
669,21875.8275,0.20020000000000238
670,21872.34,0.2033000000000058
671,21868.8825,0.20640000000000214
672,21865.394999999997,0.20950000000000557
673,21861.96,0.21250000000000568
674,21858.5325,0.215600000000002
675,21855.075,0.21870000000000545
676,21851.67,0.22170000000000556
677,21848.2425,0.2248000000000019
678,21844.8375,0.227800000000002
679,21841.432500000003,0.23080000000000211
680,21838.035,0.23390000000000555
681,21834.629999999997,0.23690000000000566
682,21831.254999999997,0.23990000000000578
683,21827.879999999997,0.2429000000000059
684,21824.535,0.245900000000006
685,21821.16,0.24890000000000612
686,21817.815000000002,0.25190000000000623
687,21814.47,0.25490000000000634
688,21811.125,0.25789999999999935
689,21807.78,0.26089999999999947
690,21804.465,0.2638999999999996
691,21801.1725,0.2668000000000035
692,21797.8275,0.2698000000000036
693,21794.565000000002,0.2727000000000004
694,21791.25,0.2757000000000005
695,21787.957499999997,0.2786000000000044
696,21784.6725,0.2816000000000045
697,21781.409999999996,0.2845000000000013
698,21778.1475,0.2874000000000052
699,21774.862500000003,0.2904000000000053
700,21771.63,0.2933000000000021
701,21768.3975,0.296200000000006
702,21765.135000000002,0.2991000000000028
703,21761.932500000003,0.3019999999999996
704,21758.699999999997,0.3049000000000035
705,21755.467500000002,0.3078000000000003
706,21752.265,0.3107000000000042
707,21749.0625,0.313600000000001
708,21745.86,0.3165000000000049
709,21742.68,0.31930000000000547
710,21739.4775,0.32220000000000226
711,21736.305,0.32510000000000616
712,21733.155,0.32789999999999964
713,21729.9525,0.33080000000000354
714,21726.832499999997,0.3336000000000041
715,21723.66,0.3365000000000009
716,21720.510000000002,0.3393000000000015
717,21717.39,0.34210000000000207
718,21714.247499999998,0.34500000000000597
719,21711.127500000002,0.34779999999999944
720,21708.0075,0.3506
721,21704.887500000004,0.3534000000000006
722,21701.7975,0.3562000000000012
723,21698.7075,0.35900000000000176
724,21695.6175,0.36180000000000234
725,21692.5275,0.3646000000000029
726,21689.4375,0.3674000000000035
727,21686.377500000002,0.3702000000000041
728,21683.2875,0.37300000000000466
729,21680.25,0.3757000000000019
730,21677.190000000002,0.3785000000000025
731,21674.13,0.3813000000000031
732,21671.0925,0.38400000000000034
733,21668.0625,0.3868000000000009
734,21665.055,0.3895000000000053
735,21661.994999999995,0.39230000000000587
736,21658.987500000003,0.3950000000000031
737,21656.01,0.3977000000000004
738,21652.980000000003,0.40050000000000097
739,21650.0025,0.40320000000000533
740,21646.995000000003,0.4059000000000026
741,21644.0175,0.40859999999999985
742,21641.04,0.4113000000000042
743,21638.0625,0.4140000000000015
744,21635.114999999998,0.41670000000000584
745,21632.1375,0.4194000000000031
746,21629.190000000002,0.42210000000000036
747,21626.2425,0.42480000000000473
748,21623.295000000002,0.427500000000002
749,21620.37,0.43010000000000304
750,21617.4225,0.4328000000000003
751,21614.504999999997,0.43550000000000466
752,21611.61,0.4381000000000057
753,21608.6625,0.44080000000000297
754,21605.745000000003,0.4435000000000002
755,21602.879999999997,0.4461000000000013
756,21599.962499999998,0.44880000000000564
757,21597.0675,0.4513999999999996
758,21594.2025,0.4540000000000006
759,21591.315,0.456700000000005
760,21588.45,0.45930000000000604
761,21585.585,0.4619
762,21582.72,0.464500000000001
763,21579.885000000002,0.46710000000000207
764,21577.019999999997,0.4697000000000031
765,21574.184999999998,0.47230000000000416
766,21571.35,0.4749000000000052
767,21568.515,0.47750000000000625
768,21565.68,0.4801000000000002
769,21562.875,0.48270000000000124
770,21560.04,0.4853000000000023
771,21557.235,0.48790000000000333
772,21554.4525,0.49040000000000106
773,21551.6475,0.4930000000000021
774,21548.8425,0.49560000000000315
775,21546.059999999998,0.4981000000000009
776,21543.255,0.5007000000000019
777,21540.502500000002,0.5031999999999996
778,21537.7275,0.5058000000000007
779,21534.975,0.5083000000000055
780,21532.2,0.5108999999999995
781,21529.4475,0.5134000000000043
782,21526.695,0.515900000000002
783,21523.972500000003,0.5183999999999997
784,21521.197500000002,0.5210000000000008
785,21518.475,0.5235000000000056
786,21515.7525,0.5260000000000034
787,21513.03,0.5285000000000011
788,21510.3075,0.5310000000000059
789,21507.614999999998,0.5335000000000036
790,21504.8925,0.5360000000000014
791,21502.199999999997,0.5385000000000062
792,21499.5075,0.5410000000000039
793,21496.815000000002,0.5435000000000016
794,21494.145,0.5459000000000032
795,21491.4525,0.5484000000000009
796,21488.76,0.5509000000000057
797,21486.12,0.5533000000000001
798,21483.427499999998,0.555800000000005
799,21480.765,0.5583000000000027
800,21478.125,0.5607000000000042
801,21475.4625,0.5632000000000019
802,21472.822500000002,0.5656000000000034
803,21470.19,0.5681000000000012
804,21467.550000000003,0.5705000000000027
805,21464.940000000002,0.5729000000000042
806,21462.3075,0.5754000000000019
807,21459.697500000002,0.5778000000000034
808,21457.0875,0.5802000000000049
809,21454.4775,0.5825999999999993
810,21451.8675,0.5850000000000009
811,21449.2875,0.5874000000000024
812,21446.677499999998,0.5898000000000039
813,21444.0975,0.5922000000000054
814,21441.5175,0.5945999999999998
815,21438.9375,0.5970000000000013
816,21436.3575,0.5994000000000028
817,21433.777499999997,0.6018000000000043
818,21431.1975,0.6042000000000058
819,21428.6475,0.6066000000000003
820,21426.120000000003,0.6089000000000055
821,21423.54,0.6113
822,21420.989999999998,0.6137000000000015
823,21418.4625,0.6159999999999997
824,21415.9425,0.6184000000000012
825,21413.3925,0.6208000000000027
826,21410.864999999998,0.6231000000000009
827,21408.345,0.6255000000000024
828,21405.847500000003,0.6278000000000006
829,21403.32,0.6301000000000059
830,21400.8,0.6325000000000003
831,21398.302499999998,0.6348000000000056
832,21395.835,0.6371000000000038
833,21393.3375,0.639400000000002
834,21390.817499999997,0.6418000000000035
835,21388.35,0.6441000000000017
836,21385.8825,0.6463999999999999
837,21383.415,0.6487000000000052
838,21380.947500000002,0.6510000000000034
839,21378.48,0.6533000000000015
840,21376.012499999997,0.6555999999999997
841,21373.545,0.657900000000005
842,21371.107500000002,0.6602000000000032
843,21368.64,0.6625000000000014
844,21366.2025,0.6647999999999996
845,21363.7875,0.6670000000000016
846,21361.350000000002,0.6692999999999998
847,21358.9125,0.6716000000000051
848,21356.475,0.6739000000000033
849,21354.059999999998,0.6761000000000053
850,21351.6525,0.6784000000000034
851,21349.237500000003,0.6806000000000054
852,21346.83,0.6829000000000036
853,21344.445,0.6851000000000056
854,21342.0375,0.6874000000000038
855,21339.652499999997,0.6896000000000058
856,21337.245000000003,0.691900000000004
857,21334.86,0.6941000000000059
858,21332.504999999997,0.6963000000000008
859,21330.0975,0.6986000000000061
860,21327.7425,0.700800000000001
861,21325.3875,0.703000000000003
862,21323.0325,0.7052000000000049
863,21320.655,0.7075000000000031
864,21318.300000000003,0.7097000000000051
865,21315.945,0.7119
866,21313.589999999997,0.714100000000002
867,21311.265,0.7163000000000039
868,21308.91,0.7185000000000059
869,21306.585,0.7207000000000008
870,21304.260000000002,0.7229000000000028
871,21301.957499999997,0.7250000000000014
872,21299.6325,0.7272000000000034
873,21297.307499999995,0.7294000000000054
874,21294.982500000002,0.7316000000000003
875,21292.6575,0.7338000000000022
876,21290.385000000002,0.7359000000000009
877,21288.089999999997,0.7381000000000029
878,21285.765,0.7403000000000048
879,21283.4925,0.7424000000000035
880,21281.1975,0.7446000000000055
881,21278.925000000003,0.7467000000000041
882,21276.629999999997,0.7489000000000061
883,21274.3575,0.7510000000000048
884,21272.0925,0.7531999999999996
885,21269.82,0.7553000000000054
886,21267.5775,0.7574000000000041
887,21265.3125,0.759600000000006
888,21263.04,0.7617000000000047
889,21260.7975,0.7638000000000034
890,21258.5325,0.7660000000000053
891,21256.29,0.768100000000004
892,21254.0775,0.7702000000000027
893,21251.835,0.7723000000000013
894,21249.622499999998,0.7744
895,21247.379999999997,0.7765000000000057
896,21245.1675,0.7786000000000044
897,21242.954999999998,0.7807000000000031
898,21240.7125,0.7828000000000017
899,21238.5,0.7849000000000004
900,21236.317499999997,0.7870000000000061
901,21234.105000000003,0.7891000000000048
902,21231.8925,0.7912000000000035
903,21229.68,0.7933000000000021
904,21227.519999999997,0.7953000000000046
905,21225.3375,0.7974000000000032
906,21223.125,0.7995000000000019
907,21220.965000000004,0.8015000000000043
908,21218.7825,0.803600000000003
909,21216.6,0.8057000000000016
910,21214.440000000002,0.8077000000000041
911,21212.2575,0.8098000000000027
912,21210.1275,0.8118000000000052
913,21207.945,0.8139000000000038
914,21205.815,0.8159000000000063
915,21203.6325,0.818000000000005
916,21201.502500000002,0.8200000000000003
917,21199.35,0.822100000000006
918,21197.22,0.8241000000000014
919,21195.089999999997,0.8261000000000038
920,21192.96,0.8281000000000063
921,21190.807500000003,0.8302000000000049
922,21188.7075,0.8322000000000003
923,21186.5775,0.8342000000000027
924,21184.4775,0.8362000000000052
925,21182.3475,0.8382000000000005
926,21180.247499999998,0.840200000000003
927,21178.125,0.8423000000000016
928,21176.025,0.844300000000004
929,21173.925,0.8462999999999994
930,21171.825,0.8483000000000018
931,21169.7475,0.850200000000001
932,21167.677499999998,0.8522000000000034
933,21165.5775,0.8542000000000058
934,21163.5075,0.8562000000000012
935,21161.4075,0.8582000000000036
936,21159.3375,0.8602000000000061
937,21157.29,0.8621000000000052
938,21155.22,0.8641000000000005
939,21153.15,0.866100000000003
940,21151.08,0.8681000000000054
941,21149.0325,0.8700000000000045
942,21146.9625,0.8719999999999999
943,21144.915,0.8739000000000061
944,21142.875,0.8759000000000015
945,21140.835,0.8779000000000039
946,21138.7875,0.879800000000003
947,21136.77,0.8817000000000021
948,21134.730000000003,0.8837000000000046
949,21132.7125,0.8856000000000037
950,21130.6725,0.8876000000000062
951,21128.655,0.8895000000000053
952,21126.6375,0.8914000000000044
953,21124.5975,0.8933999999999997
954,21122.61,0.895300000000006
955,21120.5925,0.8972000000000051
956,21118.605,0.8991000000000042
957,21116.565000000002,0.9010999999999996
958,21114.5775,0.9030000000000058
959,21112.589999999997,0.9049000000000049
960,21110.6025,0.906800000000004
961,21108.614999999998,0.9087000000000032
962,21106.627500000002,0.9106000000000023
963,21104.64,0.9125000000000014
964,21102.682500000003,0.9144000000000005
965,21100.695,0.9162999999999997
966,21098.7075,0.9182000000000059
967,21096.75,0.920100000000005
968,21094.7925,0.9220000000000041
969,21092.805,0.9239000000000033
970,21090.870000000003,0.9257000000000062
971,21088.9125,0.9276000000000053
972,21086.955,0.9295000000000044
973,21084.997499999998,0.9314000000000036
974,21083.0625,0.9331999999999994
975,21081.135,0.9351000000000056
976,21079.177499999998,0.9370000000000047
977,21077.2425,0.9388000000000005
978,21075.315000000002,0.9406999999999996
979,21073.3575,0.9426000000000059
980,21071.4525,0.9444000000000017
981,21069.525,0.9463000000000008
982,21067.62,0.9481000000000037
983,21065.692499999997,0.9500000000000028
984,21063.7875,0.9518000000000058
985,21061.8825,0.9536000000000016
986,21059.955,0.9555000000000007
987,21058.050000000003,0.9573000000000036
988,21056.1525,0.9592000000000027
989,21054.247499999998,0.9610000000000056
990,21052.3725,0.9628000000000014
991,21050.4675,0.9646000000000043
992,21048.57,0.9665000000000035
993,21046.695,0.9683000000000064
994,21044.82,0.9701000000000022
995,21042.945,0.9719000000000051
996,21041.07,0.9737000000000009
997,21039.195,0.9755000000000038
998,21037.32,0.9772999999999996
999,21035.4225,0.9792000000000058
1000,21033.5475,0.9810000000000016
1001,21031.7025,0.9828000000000046
1002,21029.8275,0.9846000000000004
1003,21028.005,0.9863
1004,21026.160000000003,0.9881000000000029
1005,21024.284999999996,0.9899000000000058
1006,21022.440000000002,0.9917000000000016
1007,21020.595,0.9935000000000045
1008,21018.75,0.9953000000000003
1009,21016.905,0.9971000000000032
1010,21015.082500000004,0.9988000000000028
1011,21013.2675,1.0006000000000057
1012,21011.4225,1.0024000000000015
1013,21009.5775,1.0042000000000044
1014,21007.784999999996,1.005900000000004
1015,21005.940000000002,1.0076999999999998
1016,21004.1475,1.0093999999999994
1017,21002.3325,1.0112000000000023
1018,21000.4875,1.0130000000000052
1019,20998.695,1.0147000000000048
1020,20996.88,1.0165000000000006
1021,20995.0875,1.0182000000000002
1022,20993.2725,1.0200000000000031
1023,20991.480000000003,1.0217000000000027
1024,20989.695,1.0235000000000056
1025,20987.9025,1.0252000000000052
1026,20986.11,1.0269000000000048
1027,20984.325,1.0287000000000006
1028,20982.5325,1.0304000000000002
1029,20980.77,1.0320999999999998
1030,20978.985,1.0339000000000027
1031,20977.1925,1.0356000000000023
1032,20975.43,1.0373000000000019
1033,20973.667500000003,1.0390000000000015
1034,20971.905,1.040700000000001
1035,20970.120000000003,1.042500000000004
1036,20968.3575,1.0442000000000036
1037,20966.625,1.0459000000000032
1038,20964.8625,1.0476000000000028
1039,20963.1,1.0493000000000023
1040,20961.3675,1.051000000000002
1041,20959.605000000003,1.0527000000000015
1042,20957.8725,1.0544000000000011
1043,20956.14,1.0561000000000007
1044,20954.377500000002,1.0578000000000003
1045,20952.645,1.0594999999999999
1046,20950.9125,1.0611999999999995
1047,20949.18,1.0629000000000062
1048,20947.47,1.0645000000000024
1049,20945.7375,1.066200000000002
1050,20944.004999999997,1.0679000000000016
1051,20942.2725,1.0696000000000012
1052,20940.57,1.0713000000000008
1053,20938.86,1.0729000000000042
1054,20937.1575,1.0746000000000038
1055,20935.425000000003,1.0763000000000034
1056,20933.745,1.0778999999999996
1057,20932.012499999997,1.0796000000000063
1058,20930.309999999998,1.081300000000006
1059,20928.629999999997,1.0829000000000022
1060,20926.927499999998,1.0846000000000018
1061,20925.247499999998,1.0862000000000052
1062,20923.545,1.0879000000000048
1063,20921.865,1.089500000000001
1064,20920.1625,1.0912000000000006
1065,20918.4825,1.092800000000004
1066,20916.78,1.0945000000000036
1067,20915.13,1.0960999999999999
1068,20913.4275,1.0977999999999994
1069,20911.7775,1.0994000000000028
1070,20910.097499999996,1.1010000000000062
1071,20908.425000000003,1.1027000000000058
1072,20906.775,1.104300000000002
1073,20905.095,1.1059000000000054
1074,20903.445,1.1075000000000017
1075,20901.7725,1.1092000000000013
1076,20900.122499999998,1.1108000000000047
1077,20898.472500000003,1.112400000000001
1078,20896.822500000002,1.1140000000000043
1079,20895.1725,1.1156000000000006
1080,20893.53,1.1173000000000002
1081,20891.879999999997,1.1189000000000036
1082,20890.230000000003,1.1204999999999998
1083,20888.61,1.1221000000000032
1084,20886.96,1.1236999999999995
1085,20885.34,1.1253000000000029
1086,20883.69,1.1269000000000062
1087,20882.07,1.1285000000000025
1088,20880.449999999997,1.1301000000000059
1089,20878.83,1.1317000000000021
1090,20877.21,1.1333000000000055
1091,20875.6125,1.1348000000000056
1092,20873.9925,1.1364000000000019
1093,20872.372499999998,1.1380000000000052
1094,20870.752500000002,1.1396000000000015
1095,20869.1325,1.1412000000000049
1096,20867.5125,1.1428000000000011
1097,20865.945,1.1443000000000012
1098,20864.324999999997,1.1459000000000046
1099,20862.735,1.1475000000000009
1100,20861.114999999998,1.1491000000000042
1101,20859.5475,1.1506000000000043
1102,20857.9575,1.1522000000000006
1103,20856.36,1.1537000000000006
1104,20854.769999999997,1.155300000000004
1105,20853.18,1.1569000000000003
1106,20851.612500000003,1.1584000000000003
1107,20850.0225,1.1600000000000037
1108,20848.455,1.1615000000000038
1109,20846.865,1.1631
1110,20845.2975,1.1646
1111,20843.7075,1.1662000000000035
1112,20842.17,1.1677000000000035
1113,20840.58,1.1692999999999998
1114,20839.0425,1.1707999999999998
1115,20837.4525,1.1724000000000032
1116,20835.915,1.1739000000000033
1117,20834.3475,1.1754000000000033
1118,20832.7875,1.1769999999999996
1119,20831.25,1.1784999999999997
1120,20829.682500000003,1.1799999999999997
1121,20828.145,1.1814999999999998
1122,20826.585,1.1831000000000031
1123,20825.0475,1.1846000000000032
1124,20823.510000000002,1.1861000000000033
1125,20821.972499999996,1.1876000000000033
1126,20820.434999999998,1.1891000000000034
1127,20818.905,1.1906999999999996
1128,20817.3675,1.1921999999999997
1129,20815.83,1.1936999999999998
1130,20814.322500000002,1.1951999999999998
1131,20812.785000000003,1.1966999999999999
1132,20811.277500000004,1.1982
1133,20809.74,1.1997
1134,20808.2325,1.2012
1135,20806.725,1.2027
1136,20805.1875,1.2042000000000002
1137,20803.68,1.2057000000000002
1138,20802.1725,1.2072000000000003
1139,20800.665,1.2087000000000003
1140,20799.1575,1.2102000000000004
1141,20797.65,1.2117000000000004
1142,20796.1425,1.2132000000000005
1143,20794.6575,1.2146000000000043
1144,20793.149999999998,1.2161000000000044
1145,20791.6725,1.2176000000000045
1146,20790.165,1.2191000000000045
1147,20788.68,1.2205000000000013
1148,20787.2025,1.2220000000000013
1149,20785.695,1.2235000000000014
1150,20784.2175,1.2250000000000014
1151,20782.762499999997,1.2264000000000053
1152,20781.254999999997,1.2279000000000053
1153,20779.777499999997,1.2294000000000054
1154,20778.322500000002,1.2308000000000021
1155,20776.845,1.2323000000000022
1156,20775.39,1.233700000000006
1157,20773.9125,1.235200000000006
1158,20772.434999999998,1.2367000000000061
1159,20770.980000000003,1.2381000000000029
1160,20769.502500000002,1.239600000000003
1161,20768.0475,1.2409999999999997
1162,20766.57,1.2424999999999997
1163,20765.114999999998,1.2439000000000036
1164,20763.6675,1.2454000000000036
1165,20762.2125,1.2468000000000004
1166,20760.7875,1.2482000000000042
1167,20759.309999999998,1.2497000000000043
1168,20757.885000000002,1.251100000000001
1169,20756.43,1.2525000000000048
1170,20754.9825,1.2540000000000049
1171,20753.5575,1.2554000000000016
1172,20752.1325,1.2568000000000055
1173,20750.655,1.2583000000000055
1174,20749.23,1.2597000000000023
1175,20747.805,1.261100000000006
1176,20746.379999999997,1.2625000000000028
1177,20744.9325,1.264000000000003
1178,20743.5075,1.2653999999999996
1179,20742.112500000003,1.2668000000000035
1180,20740.6875,1.2682000000000002
1181,20739.2625,1.269600000000004
1182,20737.8375,1.2710000000000008
1183,20736.442499999997,1.2724000000000046
1184,20734.995000000003,1.2739000000000047
1185,20733.6,1.2753000000000014
1186,20732.175,1.2767000000000053
1187,20730.78,1.278100000000002
1188,20729.355,1.2795000000000059
1189,20727.96,1.2809000000000026
1190,20726.565,1.2822999999999993
1191,20725.17,1.2837000000000032
1192,20723.7675,1.2850000000000037
1193,20722.372499999998,1.2864000000000004
1194,20720.9775,1.2878000000000043
1195,20719.5825,1.289200000000001
1196,20718.1875,1.2906000000000049
1197,20716.8225,1.2920000000000016
1198,20715.427499999998,1.2934000000000054
1199,20714.0325,1.2948000000000022
1200,20712.660000000003,1.2961000000000027
1201,20711.265,1.2974999999999994
1202,20709.9,1.2989000000000033
1203,20708.505,1.3003
1204,20707.1625,1.3016000000000005
1205,20705.7675,1.3030000000000044
1206,20704.4025,1.3044000000000011
1207,20703.03,1.3057000000000016
1208,20701.664999999997,1.3071000000000055
1209,20700.300000000003,1.3085000000000022
1210,20698.9575,1.3098000000000027
1211,20697.5625,1.3111999999999995
1212,20696.1975,1.3126000000000033
1213,20694.855000000003,1.3139000000000038
1214,20693.49,1.3153000000000006
1215,20692.1475,1.316600000000001
1216,20690.7825,1.318000000000005
1217,20689.440000000002,1.3193000000000055
1218,20688.075,1.3207000000000022
1219,20686.762499999997,1.3220000000000027
1220,20685.3975,1.3233999999999995
1221,20684.055,1.3247
1222,20682.72,1.3261000000000038
1223,20681.3775,1.3274000000000044
1224,20680.034999999996,1.3287000000000049
1225,20678.7,1.3301000000000016
1226,20677.387499999997,1.3314000000000021
1227,20676.045000000002,1.3327000000000027
1228,20674.71,1.3340999999999994
1229,20673.3675,1.3354
1230,20672.055,1.3367000000000004
1231,20670.72,1.3381000000000043
1232,20669.4075,1.3394000000000048
1233,20668.094999999998,1.3407000000000053
1234,20666.7825,1.3420000000000059
1235,20665.447500000002,1.3434000000000026
1236,20664.135000000002,1.3447000000000031
1237,20662.822500000002,1.3460000000000036
1238,20661.510000000002,1.3473000000000042
1239,20660.197500000002,1.3486000000000047
1240,20658.885000000002,1.3499000000000052
1241,20657.58,1.351300000000002
1242,20656.2675,1.3526000000000025
1243,20654.955,1.353900000000003
1244,20653.6725,1.3552000000000035
1245,20652.36,1.356500000000004
1246,20651.0775,1.3578000000000046
1247,20649.765,1.359100000000005
1248,20648.4825,1.3604000000000056
1249,20647.17,1.3617000000000061
1250,20645.8875,1.3629999999999995
1251,20644.605,1.3643
1252,20643.322500000002,1.3656000000000006
1253,20642.010000000002,1.3669000000000011
1254,20640.7275,1.3682000000000016
1255,20639.445,1.3695000000000022
1256,20638.185,1.3706999999999994
1257,20636.9025,1.3719999999999999
1258,20635.620000000003,1.3733000000000004
1259,20634.3375,1.374600000000001
1260,20633.055,1.3759000000000015
1261,20631.802499999998,1.377200000000002
1262,20630.5425,1.3784000000000063
1263,20629.260000000002,1.3796999999999997
1264,20627.9775,1.3810000000000002
1265,20626.725,1.3823000000000008
1266,20625.465,1.383500000000005
1267,20624.2125,1.3848000000000056
1268,20622.93,1.386100000000006
1269,20621.7,1.3873000000000033
1270,20620.4175,1.3886000000000038
1271,20619.165,1.3899000000000044
1272,20617.905,1.3911000000000016
1273,20616.652499999997,1.392400000000002
1274,20615.4,1.3937000000000026
1275,20614.17,1.3948999999999998
1276,20612.9175,1.3962000000000003
1277,20611.6875,1.3974000000000046
1278,20610.405,1.3987000000000052
1279,20609.175000000003,1.3999000000000024
1280,20607.9225,1.4012000000000029
1281,20606.722500000003,1.4024
1282,20605.47,1.4037000000000006
1283,20604.239999999998,1.404900000000005
1284,20602.987500000003,1.4062000000000054
1285,20601.7575,1.4074000000000026
1286,20600.505,1.4087000000000032
1287,20599.305,1.4099000000000004
1288,20598.052499999998,1.411200000000001
1289,20596.8525,1.4124000000000052
1290,20595.6225,1.4136000000000024
1291,20594.370000000003,1.414900000000003
1292,20593.17,1.4161000000000001
1293,20591.97,1.4173000000000044
1294,20590.7175,1.418600000000005
1295,20589.5175,1.4198000000000022
1296,20588.3175,1.4209999999999994
1297,20587.087499999998,1.4222000000000037
1298,20585.864999999998,1.4235000000000042
1299,20584.665,1.4247000000000014
