id,tc,fair
0,15390.79,-2.351399999999998
1,15387.955000000002,-2.332500000000003
2,15385.134999999998,-2.313699999999997
3,15382.345,-2.295099999999998
4,15379.555,-2.2764999999999986
5,15376.795,-2.258099999999999
6,15374.05,-2.2398000000000025
7,15371.305,-2.221499999999999
8,15368.59,-2.203400000000002
9,15365.89,-2.1854000000000013
10,15363.205,-2.167499999999997
11,15360.535,-2.149700000000003
12,15357.895,-2.132100000000001
13,15355.255000000001,-2.1144999999999996
14,15352.630000000001,-2.0970000000000013
15,15350.02,-2.0795999999999992
16,15347.425,-2.0623000000000005
17,15344.845,-2.045099999999998
18,15342.295,-2.028100000000002
19,15339.744999999999,-2.011099999999999
20,15337.21,-1.9941999999999993
21,15334.69,-1.977400000000003
22,15332.185000000001,-1.9607000000000028
23,15329.695,-1.9440999999999988
24,15327.22,-1.9275999999999982
25,15324.76,-1.911200000000001
26,15322.314999999999,-1.8948999999999998
27,15319.869999999999,-1.8785999999999987
28,15317.455,-1.8624999999999972
29,15315.04,-1.8464000000000027
30,15312.654999999999,-1.8305000000000007
31,15310.27,-1.8145999999999987
32,15307.9,-1.7988
33,15305.545,-1.7830999999999975
34,15303.205,-1.7674999999999983
35,15300.880000000001,-1.7520000000000024
36,15298.57,-1.7366000000000028
37,15296.26,-1.7212000000000032
38,15293.965,-1.7058999999999997
39,15291.685000000001,-1.6906999999999996
40,15289.42,-1.6756000000000029
41,15287.17,-1.6606000000000023
42,15284.935,-1.645699999999998
43,15282.7,-1.6308000000000007
44,15280.48,-1.6159999999999997
45,15278.275000000001,-1.601300000000002
46,15276.085,-1.5867000000000004
47,15273.91,-1.5722000000000023
48,15271.735,-1.557699999999997
49,15269.575,-1.5433000000000021
50,15267.43,-1.5290000000000035
51,15265.285,-1.5146999999999977
52,15263.17,-1.5005999999999986
53,15261.055,-1.4864999999999995
54,15258.955,-1.4724999999999966
55,15256.855,-1.4585000000000008
56,15254.785,-1.4446999999999974
57,15252.715,-1.4309000000000012
58,15250.645,-1.4170999999999978
59,15248.605,-1.403500000000001
60,15246.564999999999,-1.3898999999999972
61,15244.54,-1.3763999999999967
62,15242.515,-1.3629000000000033
63,15240.52,-1.3496000000000024
64,15238.525000000001,-1.3363000000000014
65,15236.529999999999,-1.3230000000000004
66,15234.564999999999,-1.309899999999999
67,15232.585,-1.2967000000000013
68,15230.635,-1.2837000000000032
69,15228.685,-1.270699999999998
70,15226.75,-1.2578000000000031
71,15224.83,-1.2449999999999974
72,15222.91,-1.2321999999999989
73,15221.005,-1.2194999999999965
74,15219.115,-1.2068999999999974
75,15217.224999999999,-1.1942999999999984
76,15215.335,-1.1816999999999993
77,15213.475,-1.1692999999999998
78,15211.615,-1.1569000000000003
79,15209.755000000001,-1.1445000000000007
80,15207.925,-1.1323000000000008
81,15206.095000000001,-1.1201000000000008
82,15204.265,-1.1079000000000008
83,15202.45,-1.095799999999997
84,15200.65,-1.0837999999999965
85,15198.85,-1.0718000000000032
86,15197.064999999999,-1.059899999999999
87,15195.28,-1.0480000000000018
88,15193.51,-1.036200000000001
89,15191.74,-1.0244
90,15190.0,-1.0127999999999986
91,15188.244999999999,-1.001100000000001
92,15186.505000000001,-0.9894999999999996
93,15184.78,-0.9780000000000015
94,15183.055,-0.9665000000000035
95,15181.345000000001,-0.9551000000000016
96,15179.650000000001,-0.9438000000000031
97,15177.955,-0.9324999999999974
98,15176.26,-0.9211999999999989
99,15174.58,-0.9099999999999966
100,15172.915,-0.8988999999999976
101,15171.25,-0.8877999999999986
102,15169.585,-0.8766999999999996
103,15167.935,-0.8656999999999968
104,15166.3,-0.8547999999999973
105,15164.665,-0.8438999999999979
106,15163.045,-0.8331000000000017
107,15161.425,-0.8222999999999985
108,15159.82,-0.8115999999999985
109,15158.215,-0.8008999999999986
110,15156.61,-0.7901999999999987
111,15155.02,-0.7796000000000021
112,15153.445,-0.7691000000000017
113,15151.869999999999,-0.7586000000000013
114,15150.31,-0.7481999999999971
115,15148.75,-0.7378
116,15147.19,-0.7274000000000029
117,15145.645,-0.7171000000000021
118,15144.115,-0.7068999999999974
119,15142.585,-0.6966999999999999
120,15141.055,-0.6865000000000023
121,15139.54,-0.676400000000001
122,15138.025,-0.6662999999999997
123,15136.525000000001,-0.6563000000000017
124,15135.025,-0.6462999999999965
125,15133.54,-0.6364000000000019
126,15132.055,-0.6265000000000001
127,15130.57,-0.6165999999999983
128,15129.1,-0.6067999999999998
129,15127.645,-0.5970999999999975
130,15126.19,-0.5874000000000024
131,15124.735,-0.5777000000000001
132,15123.279999999999,-0.5679999999999978
133,15121.855,-0.5585000000000022
134,15120.415,-0.5489000000000033
135,15118.99,-0.5394000000000005
136,15117.564999999999,-0.5298999999999978
137,15116.154999999999,-0.5204999999999984
138,15114.744999999999,-0.511099999999999
139,15113.35,-0.5018000000000029
140,15111.955,-0.4924999999999997
141,15110.56,-0.4831999999999965
142,15109.18,-0.47399999999999665
143,15107.8,-0.46479999999999677
144,15106.435000000001,-0.4557000000000002
145,15105.07,-0.44659999999999656
146,15103.705,-0.4375
147,15102.355,-0.42849999999999966
148,15101.005000000001,-0.4194999999999993
149,15099.67,-0.4106000000000023
150,15098.335,-0.40169999999999817
151,15097.0,-0.39280000000000115
152,15095.68,-0.38400000000000034
153,15094.36,-0.37519999999999953
154,15093.04,-0.3663999999999987
155,15091.735,-0.35770000000000124
156,15090.43,-0.34899999999999665
157,15089.14,-0.3404000000000025
158,15087.835,-0.3316999999999979
159,15086.560000000001,-0.32319999999999993
160,15085.27,-0.31459999999999866
161,15083.994999999999,-0.3061000000000007
162,15082.735,-0.29769999999999897
163,15081.46,-0.289200000000001
164,15080.2,-0.2807999999999993
165,15078.955,-0.27250000000000085
166,15077.695,-0.2640999999999991
167,15076.45,-0.2558000000000007
168,15075.220000000001,-0.2475999999999985
169,15073.975,-0.23930000000000007
170,15072.744999999999,-0.23109999999999786
171,15071.529999999999,-0.22299999999999898
172,15070.3,-0.21479999999999677
173,15069.1,-0.2068000000000012
174,15067.885,-0.19870000000000232
175,15066.685000000001,-0.19069999999999965
176,15065.485,-0.18269999999999698
177,15064.285,-0.1747000000000014
178,15063.1,-0.16680000000000206
179,15061.915,-0.1589000000000027
180,15060.73,-0.15100000000000335
181,15059.560000000001,-0.14320000000000022
182,15058.375,-0.13530000000000086
183,15057.220000000001,-0.12760000000000105
184,15056.05,-0.11979999999999791
185,15054.895,-0.11209999999999809
186,15053.74,-0.10439999999999827
187,15052.6,-0.09680000000000177
188,15051.46,-0.08919999999999817
189,15050.32,-0.08160000000000167
190,15049.18,-0.07399999999999807
191,15048.055,-0.06649999999999778
192,15046.93,-0.0589999999999975
193,15045.805,-0.051499999999997215
194,15044.68,-0.04399999999999693
195,15043.57,-0.036599999999999966
196,15042.460000000001,-0.029200000000003
197,15041.365000000002,-0.02190000000000225
198,15040.27,-0.0146000000000015
199,15039.16,-0.007199999999997431
200,15038.08,0
201,15036.985,0.0
202,15035.905,0.0
203,15034.825,0.0
204,15033.76,0.0
205,15032.68,0.0
206,15031.615,0.0
207,15030.55,0.0
208,15029.5,0.0
209,15028.45,0.0
210,15027.400000000001,0.0
211,15026.349999999999,0.0
212,15025.3,0.0
213,15024.265,0.0
214,15023.23,0.0
215,15022.21,0.0
216,15021.175,0.0
217,15020.154999999999,0.0
218,15019.135,0.0
219,15018.115,0.0
220,15017.11,0.0
221,15016.105,0.0
222,15015.1,0.0
223,15014.095000000001,0.0
224,15013.105,0.0
225,15012.115000000002,0.0
226,15011.125,0.0
227,15010.134999999998,0.0
228,15009.16,0.0
229,15008.17,0.0
230,15007.195,0.0
231,15006.235,0.0
232,15005.26,0.0
233,15004.3,0.0
234,15003.34,0.0
235,15002.380000000001,0.0
236,15001.435,0.0
237,15000.474999999999,0.0
238,14999.53,0.0
239,14998.585,0.0
240,14997.654999999999,0.0
241,14996.710000000001,0.0
242,14995.78,0.0
243,14994.849999999999,0.0
244,14993.919999999998,0.0
245,14993.005000000001,0.0
246,14992.075,0.0
247,14991.16,0.0
248,14990.259999999998,0.0
249,14989.345000000001,0.0
250,14988.43,0.0
251,14987.529999999999,0.0
252,14986.63,0.0
253,14985.73,0.0
254,14984.845000000001,0.0
255,14983.945,0.0
256,14983.060000000001,0.0
257,14982.175,0.0
258,14981.29,0.0
259,14980.42,0.0
260,14979.55,0.0
261,14978.665,0.0
262,14977.795,0.0
263,14976.939999999999,0.0
264,14976.07,0.0
265,14975.215,0.0
266,14974.36,0.0
267,14973.505000000001,0.0
268,14972.650000000001,0.0
269,14971.795000000002,0.0
270,14970.955,0.0
271,14970.115,0.0
272,14969.275,0.0
273,14968.435,0.0
274,14967.595,0.0
275,14966.77,0.0
276,14965.945,0.0
277,14965.119999999999,0.0
278,14964.295,0.0
279,14963.470000000001,0.0
280,14962.66,0.0
281,14961.835,0.0
282,14961.025,0.0
283,14960.215,0.0
284,14959.42,0.0
285,14958.61,0.0
286,14957.815,0.0
287,14957.005000000001,0.0
288,14956.21,0.0
289,14955.415,0.0
290,14954.635,0.0
291,14953.84,0.0
292,14953.060000000001,0.0
293,14952.279999999999,0.0
294,14951.5,0.0
295,14950.720000000001,0.0
296,14949.939999999999,0.0
297,14949.175,0.0
298,14948.395,0.0
299,14947.630000000001,0.0
300,14944.0,0.019800000000003593
301,14941.2,0.04070000000000107
302,14938.575,0.06110000000000326
303,14935.919999999998,0.0812000000000026
304,14933.4,0.10099999999999909
305,14930.994999999999,0.1203000000000003
306,14928.52,0.13949999999999818
307,14926.2,0.158299999999997
308,14923.880000000001,0.17680000000000007
309,14921.715,0.19489999999999696
310,14919.410000000002,0.21309999999999718
311,14917.300000000001,0.2306999999999988
312,14915.345000000001,0.24790000000000134
313,14913.220000000001,0.2652000000000001
314,14911.3,0.2820000000000036
315,14909.31,0.29870000000000374
316,14907.575,0.3147999999999982
317,14905.665,0.3310999999999993
318,14903.815000000002,0.3470999999999975
319,14902.005,0.36290000000000333
320,14900.419999999998,0.37810000000000343
321,14898.689999999999,0.39350000000000307
322,14897.02,0.39560000000000173
323,14895.64,0.3855999999999966
324,14894.085,0.37650000000000006
325,14892.535,0.3674999999999997
326,14891.025000000001,0.3584999999999994
327,14889.575,0.34949999999999903
328,14888.33,0.33979999999999677
329,14886.94,0.33079999999999643
330,14885.59,0.3218000000000032
331,14884.28,0.31280000000000285
332,14883.025000000001,0.3036999999999992
333,14882.045,0.2937000000000012
334,14880.855,0.28470000000000084
335,14879.685000000001,0.2757000000000005
336,14878.555,0.26670000000000016
337,14877.465,0.2576999999999998
338,14876.395,0.24869999999999948
339,14875.345000000001,0.23969999999999914
340,14874.355,0.2306999999999988
341,14873.385,0.22169999999999845
342,14872.64,0.2120000000000033
343,14871.715,0.20309999999999917
344,14870.825,0.19409999999999883
345,14869.975,0.1850999999999985
346,14869.165,0.17609999999999815
347,14868.375,0.1670999999999978
348,14867.59,0.15820000000000078
349,14867.165,0.14809999999999945
350,14866.474999999999,0.1390999999999991
351,14865.785,0.13009999999999877
352,14865.119999999999,0.12120000000000175
353,14864.49,0.11220000000000141
354,14863.9,0.10320000000000107
355,14863.33,0.09420000000000073
356,14862.765,0.0852999999999966
357,14862.39,0.07580000000000098
358,14861.695,0.06750000000000256
359,14861.224999999999,0.05850000000000222
360,14860.810000000001,0.049399999999998556
361,14860.400000000001,0.040399999999998215
362,14860.025000000001,0.03130000000000166
363,14859.654999999999,0.02230000000000132
364,14859.32,0.013199999999997658
365,14859.01,0.004199999999997317
366,14858.735,-0.004899999999999238
367,14858.465,-0.01389999999999958
368,14858.23,-0.02300000000000324
369,14858.015,-0.032099999999999795
370,14857.805,-0.041100000000000136
371,14857.65,-0.05019999999999669
372,14857.494999999999,-0.05930000000000035
373,14857.38,-0.06839999999999691
374,14857.285,-0.07750000000000057
375,14857.21,-0.08659999999999712
376,14857.135,-0.09570000000000078
377,14857.099999999999,-0.10479999999999734
378,14857.119999999999,-0.11399999999999721
379,14857.125,-0.12310000000000088
380,14857.150000000001,-0.13219999999999743
381,14857.210000000001,-0.1413999999999973
382,14857.29,-0.15059999999999718
383,14857.375,-0.15970000000000084
384,14857.515,-0.16890000000000072
385,14857.655,-0.1781000000000006
386,14857.814999999999,-0.18730000000000047
387,14858.015,-0.19650000000000034
388,14858.23,-0.20580000000000354
389,14858.45,-0.2150000000000034
390,14858.705,-0.2242999999999995
391,14859.0,-0.2336000000000027
392,14859.279999999999,-0.24280000000000257
393,14859.61,-0.252200000000002
394,14859.945,-0.26149999999999807
395,14860.32,-0.27080000000000126
396,14860.695,-0.28009999999999735
397,14861.105,-0.28949999999999676
398,14861.310000000001,-0.29820000000000135
399,14861.760000000002,-0.30760000000000076
400,14862.23,-0.31700000000000017
401,14862.735,-0.3265000000000029
402,14863.33,-0.33619999999999806
403,14863.650000000001,-0.34499999999999886
404,14864.215,-0.3545000000000016
405,14864.779999999999,-0.3639999999999972
406,14865.400000000001,-0.37360000000000326
407,14866.025000000001,-0.3830999999999989
408,14866.664999999999,-0.39269999999999783
409,14867.345,-0.40229999999999677
410,14868.025000000001,-0.4119000000000028
411,14868.76,-0.421599999999998
412,14869.375,-0.43090000000000117
413,14870.130000000001,-0.44060000000000343
414,14870.904999999999,-0.4502999999999986
415,14871.35,-0.4590000000000032
416,14872.18,-0.46880000000000166
417,14873.03,-0.47860000000000014
418,14873.92,-0.4883999999999986
419,14874.58,-0.4975999999999985
420,14875.505000000001,-0.5075000000000003
421,14876.465,-0.5174999999999983
422,14877.445000000002,-0.5275000000000034
423,14878.445,-0.5375000000000014
424,14879.08,-0.5463999999999984
425,14880.135000000002,-0.5564999999999998
426,14880.985,-0.5658999999999992
427,14882.095,-0.5760999999999967
428,14883.205,-0.5863000000000014
429,14884.355,-0.5964999999999989
430,14885.175,-0.6056999999999988
431,14886.38,-0.6159999999999997
432,14887.375,-0.6257000000000019
433,14888.635,-0.636099999999999
434,14889.53,-0.6454000000000022
435,14890.88,-0.6559999999999988
436,14892.005000000001,-0.6659000000000006
437,14893.375,-0.6764999999999972
438,14894.435000000001,-0.6861000000000033
439,14895.65,-0.6961999999999975
440,14897.164999999999,-0.707099999999997
441,14898.315,-0.7169000000000025
442,14899.654999999999,-0.7272999999999996
443,14900.894999999999,-0.7372999999999976
444,14902.345,-0.7479000000000013
445,14903.710000000001,-0.7582000000000022
446,14905.27,-0.7689999999999984
447,14906.53,-0.7790000000000035
448,14907.9,-0.789200000000001
449,14909.375,-0.7997000000000014
450,14911.06,-0.8108000000000004
451,14912.38,-0.8207999999999984
452,14914.224999999999,-0.8322999999999965
453,14917.314999999999,-0.847299999999997
454,14918.34,-0.8564000000000007
455,14913.880000000001,-0.8496000000000024
456,14909.439999999999,-0.8427999999999969
457,14905.0,-0.8359999999999985
458,14900.595,-0.8293000000000035
459,14896.21,-0.8226000000000013
460,14891.825,-0.8158999999999992
461,14887.439999999999,-0.809199999999997
462,14883.095,-0.802500000000002
463,14878.744999999999,-0.7959000000000032
464,14874.434999999998,-0.7892999999999972
465,14870.105,-0.7826999999999984
466,14865.815,-0.7760999999999996
467,14861.54,-0.769599999999997
468,14857.25,-0.7629999999999981
469,14852.994999999999,-0.7565000000000026
470,14848.759999999998,-0.75
471,14844.525,-0.7434999999999974
472,14840.305,-0.7370999999999981
473,14836.09,-0.7306000000000026
474,14831.910000000002,-0.7242000000000033
475,14827.73,-0.7177999999999969
476,14823.57,-0.7113999999999976
477,14819.425,-0.7051000000000016
478,14815.285,-0.6987000000000023
479,14811.16,-0.6923999999999992
480,14807.055,-0.6861000000000033
481,14802.95,-0.6798000000000002
482,14798.880000000001,-0.6736000000000004
483,14794.794999999998,-0.6672999999999973
484,14790.725,-0.6610999999999976
485,14786.695,-0.6548999999999978
486,14782.645,-0.6486999999999981
487,14778.635,-0.6424999999999983
488,14774.619999999999,-0.6364000000000019
489,14770.630000000001,-0.6302000000000021
490,14766.635,-0.6240999999999985
491,14762.66,-0.6180000000000021
492,14758.704999999998,-0.6118999999999986
493,14754.765,-0.6058999999999983
494,14750.830000000002,-0.5998000000000019
495,14746.91,-0.5938000000000017
496,14742.99,-0.5878000000000014
497,14739.09,-0.5818000000000012
498,14735.21,-0.575800000000001
499,14731.345,-0.569899999999997
500,14727.465,-0.5638999999999967
501,14723.619999999999,-0.5579999999999998
502,14719.775000000001,-0.5521000000000029
503,14715.95,-0.5461999999999989
504,14712.125,-0.540300000000002
505,14708.335,-0.5345000000000013
506,14704.529999999999,-0.5285999999999973
507,14700.76,-0.5227999999999966
508,14696.99,-0.517000000000003
509,14693.220000000001,-0.5112000000000023
510,14689.484999999999,-0.5054999999999978
511,14685.755,-0.49969999999999715
512,14682.02,-0.4939999999999998
513,14678.31,-0.4881999999999991
514,14674.595000000001,-0.4825000000000017
515,14670.915,-0.47690000000000055
516,14667.240000000002,-0.47120000000000317
517,14663.564999999999,-0.4654999999999987
518,14659.904999999999,-0.45989999999999753
519,14656.265,-0.4543000000000035
520,14652.625,-0.4487000000000023
521,14649.005,-0.44310000000000116
522,14645.384999999998,-0.4375
523,14641.785,-0.43189999999999884
524,14638.18,-0.426400000000001
525,14634.615000000002,-0.42090000000000316
526,14631.029999999999,-0.4153999999999982
527,14627.485,-0.4099000000000004
528,14623.920000000002,-0.40440000000000254
529,14620.375,-0.3988999999999976
530,14616.845000000001,-0.39350000000000307
531,14613.32,-0.3879999999999981
532,14609.81,-0.3825999999999965
533,14606.320000000002,-0.377200000000002
534,14602.83,-0.37180000000000035
535,14599.34,-0.3663999999999987
536,14595.885,-0.3611000000000004
537,14592.414999999999,-0.3556999999999988
538,14588.98,-0.3504000000000005
539,14585.544999999998,-0.3451000000000022
540,14582.109999999999,-0.33979999999999677
541,14578.695,-0.33449999999999847
542,14575.279999999999,-0.32920000000000016
543,14571.880000000001,-0.32399999999999807
544,14568.485,-0.31869999999999976
545,14565.105,-0.31349999999999767
546,14561.744999999999,-0.3083000000000027
547,14558.385,-0.3031000000000006
548,14555.025,-0.2978999999999985
549,14551.7,-0.2927999999999997
550,14548.36,-0.28759999999999764
551,14545.035,-0.28249999999999886
552,14541.715,-0.27729999999999677
553,14538.41,-0.272199999999998
554,14535.125,-0.2670999999999992
555,14531.84,-0.26200000000000045
556,14528.57,-0.2569999999999979
557,14525.305,-0.2518999999999991
558,14522.055,-0.24689999999999657
559,14518.79,-0.2417999999999978
560,14515.560000000001,-0.23680000000000234
561,14512.330000000002,-0.23179999999999978
562,14509.099999999999,-0.22679999999999723
563,14505.904999999999,-0.221899999999998
564,14502.695000000002,-0.21690000000000254
565,14499.5,-0.2120000000000033
566,14496.310000000001,-0.20700000000000074
567,14493.135,-0.2021000000000015
568,14489.980000000001,-0.19720000000000226
569,14486.825,-0.19230000000000302
570,14483.67,-0.18739999999999668
571,14480.515,-0.18249999999999744
572,14477.395,-0.17770000000000152
573,14474.274999999998,-0.1728999999999985
574,14471.16,-0.16799999999999926
575,14468.06,-0.16320000000000334
576,14464.96,-0.15840000000000032
577,14461.86,-0.1535999999999973
578,14458.78,-0.14880000000000138
579,14455.715,-0.14410000000000167
580,14452.654999999999,-0.13929999999999865
581,14449.609999999999,-0.13459999999999894
582,14446.564999999999,-0.12989999999999924
583,14443.505000000001,-0.12510000000000332
584,14440.48,-0.12039999999999651
585,14437.455,-0.1156999999999968
586,14434.445,-0.11110000000000042
587,14431.439999999999,-0.10640000000000072
588,14428.45,-0.10179999999999723
589,14425.465,-0.09709999999999752
590,14422.475,-0.09250000000000114
591,14419.505,-0.08789999999999765
592,14416.555,-0.08330000000000126
593,14413.585,-0.07869999999999777
594,14410.635000000002,-0.07410000000000139
595,14407.685000000001,-0.0694999999999979
596,14404.77,-0.06499999999999773
597,14401.84,-0.06040000000000134
598,14398.925,-0.05590000000000117
599,14396.01,-0.051400000000001
600,14393.115,-0.04690000000000083
601,14390.220000000001,-0.04240000000000066
602,14387.325,-0.03790000000000049
603,14384.45,-0.03340000000000032
604,14381.59,-0.029000000000003467
605,14378.715000000002,-0.024500000000003297
606,14375.875,-0.02009999999999934
607,14373.02,-0.01559999999999917
608,14370.18,-0.01120000000000232
609,14367.34,-0.006799999999998363
610,14364.52,-0.002400000000001512
611,14361.7,0.0020000000000024443
612,14358.895,0.006300000000003081
613,14356.075,0.010699999999999932
614,14353.29,0.015000000000000568
615,14350.49,0.01939999999999742
616,14347.725000000002,0.023699999999998056
617,14344.94,0.027999999999998693
618,14342.175,0.03229999999999933
619,14339.43,0.036599999999999966
620,14336.665,0.0409000000000006
621,14333.92,0.04520000000000124
622,14331.19,0.049399999999998556
623,14328.445,0.05369999999999919
624,14325.735,0.05789999999999651
625,14323.025000000001,0.06210000000000093
626,14320.315,0.06629999999999825
627,14317.59,0.07059999999999889
628,14314.914999999999,0.07469999999999999
629,14312.225,0.0788999999999973
630,14309.535,0.08310000000000173
631,14306.865,0.08729999999999905
632,14304.21,0.09140000000000015
633,14301.54,0.09559999999999746
634,14298.884999999998,0.09969999999999857
635,14296.23,0.10379999999999967
636,14293.595,0.10790000000000077
637,14290.96,0.11200000000000188
638,14288.345000000001,0.11610000000000298
639,14285.71,0.12019999999999698
640,14283.095000000001,0.12429999999999808
641,14280.495,0.12830000000000297
642,14277.880000000001,0.13239999999999696
643,14275.3,0.13640000000000185
644,14272.704999999998,0.14050000000000296
645,14270.125,0.14450000000000074
646,14267.545,0.14849999999999852
647,14264.985,0.1525000000000034
648,14262.425,0.1565000000000012
649,14259.865000000002,0.16049999999999898
650,14257.32,0.16440000000000055
651,14254.78,0.16839999999999833
652,14252.255,0.1722999999999999
653,14249.715,0.17629999999999768
654,14247.19,0.18019999999999925
655,14244.685000000001,0.18410000000000082
656,14242.165,0.1880999999999986
657,14239.66,0.19200000000000017
658,14237.154999999999,0.19590000000000174
659,14234.685000000001,0.1997
660,14232.18,0.20360000000000156
661,14229.695,0.20750000000000313
662,14227.245,0.21130000000000138
663,14224.759999999998,0.21520000000000294
664,14222.31,0.2190000000000012
665,14219.86,0.22279999999999944
666,14217.395,0.226700000000001
667,14214.945,0.23049999999999926
668,14212.515,0.2342999999999975
669,14210.085,0.23810000000000286
670,14207.67,0.2417999999999978
671,14205.240000000002,0.24560000000000315
672,14202.829999999998,0.2494000000000014
673,14200.435,0.25310000000000343
674,14198.025,0.2569000000000017
675,14195.630000000001,0.2605999999999966
676,14193.235,0.26429999999999865
677,14190.845000000001,0.2680999999999969
678,14188.47,0.27179999999999893
679,14186.095000000001,0.27550000000000097
680,14183.74,0.279200000000003
681,14181.380000000001,0.2828000000000017
682,14179.025000000001,0.28649999999999665
683,14176.670000000002,0.2901999999999987
684,14174.330000000002,0.2937999999999974
685,14171.994999999999,0.29749999999999943
686,14169.654999999999,0.30109999999999815
687,14167.32,0.3048000000000002
688,14165.0,0.3083999999999989
689,14162.7,0.3119999999999976
690,14160.38,0.31560000000000343
691,14158.079999999998,0.31920000000000215
692,14155.779999999999,0.32280000000000086
693,14153.48,0.3263999999999996
694,14151.215,0.3299000000000021
695,14148.915,0.3335000000000008
696,14146.65,0.3370000000000033
697,14144.37,0.340600000000002
698,14142.105,0.3440999999999974
699,14139.844999999998,0.34770000000000323
700,14137.580000000002,0.3511999999999986
701,14135.335,0.3547000000000011
702,14133.09,0.3581999999999965
703,14130.845000000001,0.361699999999999
704,14128.619999999999,0.3652000000000015
705,14126.375,0.3686999999999969
706,14124.164999999999,0.3721000000000032
707,14121.94,0.3755999999999986
708,14119.75,0.3789999999999978
709,14117.525,0.3825000000000003
710,14115.335,0.38589999999999947
711,14113.13,0.38940000000000197
712,14110.94,0.39280000000000115
713,14108.75,0.39620000000000033
714,14106.560000000001,0.3995999999999995
715,14104.39,0.4029999999999987
716,14102.220000000001,0.4063999999999979
717,14100.05,0.40979999999999706
718,14097.88,0.41320000000000334
719,14095.725,0.4164999999999992
720,14093.575,0.4198999999999984
721,14091.439999999999,0.42320000000000135
722,14089.29,0.42660000000000053
723,14087.154999999999,0.4299000000000035
724,14085.005,0.4333000000000027
725,14082.89,0.43659999999999854
726,14080.775,0.4399000000000015
727,14078.66,0.4431999999999974
728,14076.545,0.44650000000000034
729,14074.43,0.4498000000000033
730,14072.315,0.45309999999999917
731,14070.235,0.4562999999999988
732,14068.14,0.4596000000000018
733,14066.045000000002,0.46289999999999765
734,14063.965,0.4660999999999973
735,14061.89,0.46940000000000026
736,14059.81,0.4725999999999999
737,14057.735,0.4759000000000029
738,14055.675,0.4791000000000025
739,14053.615,0.48230000000000217
740,14051.555,0.4855000000000018
741,14049.515,0.48870000000000147
742,14047.455,0.4919000000000011
743,14045.415,0.49510000000000076
744,14043.375,0.4983000000000004
745,14041.335000000001,0.5015000000000001
746,14039.33,0.5046000000000035
747,14037.29,0.5078000000000031
748,14035.285,0.5108999999999995
749,14033.265,0.5140999999999991
750,14031.26,0.5172000000000025
751,14029.24,0.5204000000000022
752,14027.255,0.5234999999999985
753,14025.25,0.526600000000002
754,14023.265,0.5296999999999983
755,14021.279999999999,0.5328000000000017
756,14019.295000000002,0.535899999999998
757,14017.309999999998,0.5390000000000015
758,14015.345000000001,0.5420999999999978
759,14013.36,0.5452000000000012
760,14011.41,0.5482000000000014
761,14009.445,0.5512999999999977
762,14007.48,0.5544000000000011
763,14005.529999999999,0.5574000000000012
764,14003.599999999999,0.5604000000000013
765,14001.635,0.5634999999999977
766,13999.705,0.5664999999999978
767,13997.775000000001,0.5694999999999979
768,13995.83,0.5726000000000013
769,13993.9,0.5756000000000014
770,13991.99,0.5786000000000016
771,13990.060000000001,0.5816000000000017
772,13988.15,0.5846000000000018
773,13986.255000000001,0.5874999999999986
774,13984.345000000001,0.5904999999999987
775,13982.435,0.5934999999999988
776,13980.560000000001,0.5964000000000027
777,13978.65,0.5994000000000028
778,13976.76,0.6024000000000029
779,13974.884999999998,0.6052999999999997
780,13973.01,0.6081999999999965
781,13971.119999999999,0.6111999999999966
782,13969.244999999999,0.6141000000000005
783,13967.39,0.6169999999999973
784,13965.515,0.6199000000000012
785,13963.66,0.622799999999998
786,13961.805,0.6257000000000019
787,13959.949999999999,0.6285999999999987
788,13958.095000000001,0.6315000000000026
789,13956.259999999998,0.6343999999999994
790,13954.404999999999,0.6373000000000033
791,13952.585,0.6400999999999968
792,13950.75,0.6430000000000007
793,13948.915,0.6458999999999975
794,13947.095000000001,0.6486999999999981
795,13945.26,0.651600000000002
796,13943.46,0.6544000000000025
797,13941.64,0.6572000000000031
798,13939.825,0.6600999999999999
799,13938.025,0.6629000000000005
800,13936.225,0.6657000000000011
801,13934.425,0.6685000000000016
802,13932.645,0.6713000000000022
803,13930.845,0.6741000000000028
804,13929.064999999999,0.6769000000000034
805,13927.265000000001,0.6796999999999969
806,13925.485,0.6824999999999974
807,13923.72,0.6852000000000018
808,13921.96,0.6880000000000024
809,13920.18,0.690800000000003
810,13918.415,0.6935000000000002
811,13916.655,0.6963000000000008
812,13914.91,0.6989999999999981
813,13913.164999999999,0.7017000000000024
814,13911.405,0.704500000000003
815,13909.66,0.7072000000000003
816,13907.915,0.7098999999999975
817,13906.189999999999,0.7126000000000019
818,13904.445,0.7152999999999992
819,13902.72,0.7180000000000035
820,13900.995,0.7207000000000008
821,13899.27,0.723399999999998
822,13897.545,0.7261000000000024
823,13895.82,0.7287999999999997
824,13894.115000000002,0.7314999999999969
825,13892.39,0.7342000000000013
826,13890.7,0.7368000000000023
827,13888.994999999999,0.7394999999999996
828,13887.305,0.7421000000000006
829,13885.6,0.7447999999999979
830,13883.91,0.747399999999999
831,13882.224999999999,0.7501000000000033
832,13880.535,0.7526999999999973
833,13878.865000000002,0.7552999999999983
834,13877.195,0.7578999999999994
835,13875.525,0.7605000000000004
836,13873.84,0.7631999999999977
837,13872.169999999998,0.7657999999999987
838,13870.5,0.7683999999999997
839,13868.83,0.7710000000000008
840,13867.195,0.7734999999999985
841,13865.545,0.7760999999999996
842,13863.894999999999,0.7787000000000006
843,13862.224999999999,0.7813000000000017
844,13860.61,0.7837999999999994
845,13858.96,0.7864000000000004
846,13857.31,0.7890000000000015
847,13855.695,0.7914999999999992
848,13854.044999999998,0.7941000000000003
849,13852.43,0.796599999999998
850,13850.814999999999,0.7991000000000028
851,13849.185000000001,0.8016999999999967
852,13847.57,0.8042000000000016
853,13845.954999999998,0.8066999999999993
854,13844.34,0.809199999999997
855,13842.744999999999,0.8117000000000019
856,13841.130000000001,0.8141999999999996
857,13839.535,0.8166999999999973
858,13837.94,0.8192000000000021
859,13836.345,0.8216999999999999
860,13834.75,0.8241999999999976
861,13833.154999999999,0.8267000000000024
862,13831.560000000001,0.8292000000000002
863,13830.0,0.8316000000000017
864,13828.404999999999,0.8340999999999994
865,13826.83,0.8365999999999971
866,13825.27,0.8389999999999986
867,13823.695,0.8415000000000035
868,13822.135,0.8438999999999979
869,13820.575,0.8462999999999994
870,13819.0,0.8487999999999971
871,13817.46,0.8511999999999986
872,13815.9,0.8536000000000001
873,13814.345000000001,0.8560999999999979
874,13812.805,0.8584999999999994
875,13811.244999999999,0.8609000000000009
876,13809.705,0.8633000000000024
877,13808.185000000001,0.8656999999999968
878,13806.645,0.8680999999999983
879,13805.105,0.8704999999999998
880,13803.585,0.8729000000000013
881,13802.060000000001,0.8751999999999995
882,13800.54,0.877600000000001
883,13799.02,0.8800000000000026
884,13797.48,0.882399999999997
885,13795.975,0.8847000000000023
886,13794.475,0.8870999999999967
887,13792.97,0.889400000000002
888,13791.449999999999,0.8918000000000035
889,13789.965,0.8941000000000017
890,13788.445,0.8965000000000032
891,13786.960000000001,0.8988000000000014
892,13785.474999999999,0.9010999999999996
893,13783.975,0.9035000000000011
894,13782.490000000002,0.9057999999999993
895,13781.005000000001,0.9080999999999975
896,13779.52,0.9104000000000028
897,13778.035,0.912700000000001
898,13776.57,0.9149999999999991
899,13775.085,0.9172999999999973
900,13773.619999999999,0.9196000000000026
901,13772.155,0.9219000000000008
902,13770.689999999999,0.924199999999999
903,13769.225,0.9264999999999972
904,13767.759999999998,0.9288000000000025
905,13766.31,0.9309999999999974
906,13764.845,0.9333000000000027
907,13763.4,0.9356000000000009
908,13761.949999999999,0.9378000000000029
909,13760.505,0.940100000000001
910,13759.075,0.942300000000003
911,13757.630000000001,0.9446000000000012
912,13756.199999999999,0.9468000000000032
913,13754.77,0.9489999999999981
914,13753.324999999999,0.9513000000000034
915,13751.895,0.9534999999999982
916,13750.485,0.9557000000000002
917,13749.04,0.9579999999999984
918,13747.630000000001,0.9602000000000004
919,13746.199999999999,0.9624000000000024
920,13744.79,0.9645999999999972
921,13743.380000000001,0.9667999999999992
922,13741.970000000001,0.9690000000000012
923,13740.56,0.9712000000000032
924,13739.150000000001,0.973399999999998
925,13737.76,0.9756
926,13736.365,0.9776999999999987
927,13734.955,0.9799000000000007
928,13733.564999999999,0.9821000000000026
929,13732.175,0.9842999999999975
930,13730.8,0.9864000000000033
931,13729.39,0.9885999999999981
932,13728.015000000001,0.9906999999999968
933,13726.645,0.9928999999999988
934,13725.27,0.9949999999999974
935,13723.88,0.9971999999999994
936,13722.505000000001,0.9992999999999981
937,13721.135000000002,1.0015
938,13719.779999999999,1.0035999999999987
939,13718.405,1.0056999999999974
940,13717.035,1.0078999999999994
941,13715.68,1.009999999999998
942,13714.325,1.0120999999999967
943,13712.970000000001,1.0142000000000024
944,13711.615,1.016300000000001
945,13710.259999999998,1.0183999999999997
946,13708.925,1.0204999999999984
947,13707.57,1.022599999999997
948,13706.235,1.0247000000000028
949,13704.880000000001,1.0268000000000015
950,13703.544999999998,1.0289000000000001
951,13702.21,1.0309999999999988
952,13700.89,1.0330000000000013
953,13699.555,1.0351
954,13698.220000000001,1.0371999999999986
955,13696.885000000002,1.0392999999999972
956,13695.585,1.0412999999999997
957,13694.25,1.0433999999999983
958,13692.93,1.0454000000000008
959,13691.615,1.0474999999999994
960,13690.314999999999,1.0495000000000019
961,13688.98,1.0516000000000005
962,13687.68,1.053600000000003
963,13686.380000000001,1.0555999999999983
964,13685.064999999999,1.057699999999997
965,13683.765,1.0596999999999994
966,13682.484999999999,1.0617000000000019
967,13681.185000000001,1.0636999999999972
968,13679.869999999999,1.065800000000003
969,13678.59,1.0677999999999983
970,13677.289999999999,1.0698000000000008
971,13676.009999999998,1.0718000000000032
972,13674.73,1.0737999999999985
973,13673.45,1.075800000000001
974,13672.17,1.0778000000000034
975,13670.89,1.0797999999999988
976,13669.61,1.0818000000000012
977,13668.345000000001,1.0837000000000003
978,13667.064999999999,1.0857000000000028
979,13665.805,1.0876999999999981
980,13664.525,1.0897000000000006
981,13663.279999999999,1.0915999999999997
982,13662.0,1.0936000000000021
983,13660.740000000002,1.0955999999999975
984,13659.495,1.0974999999999966
985,13658.235,1.099499999999999
986,13656.990000000002,1.1013999999999982
987,13655.73,1.1034000000000006
988,13654.485,1.1052999999999997
989,13653.224999999999,1.1073000000000022
990,13651.98,1.1092000000000013
991,13650.755000000001,1.1111000000000004
992,13649.494999999999,1.1131000000000029
993,13648.27,1.115000000000002
994,13647.025,1.1169000000000011
995,13645.8,1.1188000000000002
996,13644.575,1.1206999999999994
997,13643.335,1.1227000000000018
998,13642.11,1.124600000000001
999,13640.885,1.1265
1000,13639.66,1.1283999999999992
1001,13638.435000000001,1.1302999999999983
1002,13637.23,1.1321999999999974
1003,13636.005000000001,1.1340999999999966
1004,13634.794999999998,1.1358999999999995
1005,13633.59,1.1377999999999986
1006,13632.384999999998,1.1396999999999977
1007,13631.16,1.1415999999999968
1008,13629.954999999998,1.143500000000003
1009,13628.765,1.1452999999999989
1010,13627.560000000001,1.147199999999998
1011,13626.355,1.1490999999999971
1012,13625.165,1.1509
1013,13623.96,1.1527999999999992
1014,13622.789999999999,1.154600000000002
1015,13621.585,1.1565000000000012
1016,13620.395,1.158299999999997
1017,13619.21,1.1602000000000032
1018,13618.04,1.161999999999999
1019,13616.835000000001,1.1638999999999982
1020,13615.665,1.165700000000001
1021,13614.495,1.1674999999999969
1022,13613.31,1.169400000000003
1023,13612.14,1.171199999999999
1024,13610.970000000001,1.1730000000000018
1025,13609.8,1.1747999999999976
1026,13608.630000000001,1.1766000000000005
1027,13607.445,1.1784999999999997
1028,13606.295,1.1803000000000026
1029,13605.125,1.1820999999999984
1030,13603.974999999999,1.1839000000000013
1031,13602.805,1.185699999999997
1032,13601.654999999999,1.1875
1033,13600.505,1.189300000000003
1034,13599.355,1.1910999999999987
1035,13598.220000000001,1.1927999999999983
1036,13597.07,1.1946000000000012
1037,13595.920000000002,1.196399999999997
1038,13594.77,1.1982
1039,13593.619999999999,1.2000000000000028
1040,13592.485,1.2017000000000024
1041,13591.355,1.2034999999999982
1042,13590.205,1.2053000000000011
1043,13589.07,1.2070000000000007
1044,13587.94,1.2087999999999965
1045,13586.825,1.2105000000000032
1046,13585.675,1.212299999999999
1047,13584.560000000001,1.2139999999999986
1048,13583.43,1.2158000000000015
1049,13582.314999999999,1.2175000000000011
1050,13581.185000000001,1.219299999999997
1051,13580.07,1.2209999999999965
1052,13578.94,1.2227999999999994
1053,13577.845000000001,1.224499999999999
1054,13576.73,1.2261999999999986
1055,13575.615000000002,1.2278999999999982
1056,13574.505,1.2297000000000011
1057,13573.39,1.2314000000000007
1058,13572.295,1.2331000000000003
1059,13571.18,1.2348
1060,13570.085000000001,1.2364999999999995
1061,13568.99,1.238199999999999
1062,13567.895,1.2398999999999987
1063,13566.8,1.2415999999999983
1064,13565.705,1.2432999999999979
1065,13564.61,1.2449999999999974
1066,13563.515,1.246699999999997
1067,13562.420000000002,1.2483999999999966
1068,13561.325,1.2501000000000033
1069,13560.25,1.251800000000003
1070,13559.154999999999,1.2535000000000025
1071,13558.080000000002,1.255200000000002
1072,13557.0,1.2567999999999984
1073,13555.925,1.258499999999998
1074,13554.849999999999,1.2601999999999975
1075,13553.77,1.261800000000001
1076,13552.695,1.2635000000000005
1077,13551.619999999999,1.2652
1078,13550.560000000001,1.2668000000000035
1079,13549.485,1.268500000000003
1080,13548.425000000001,1.2700999999999993
1081,13547.35,1.271799999999999
1082,13546.310000000001,1.2734000000000023
1083,13545.235,1.275100000000002
1084,13544.175000000001,1.2766999999999982
1085,13543.12,1.2783999999999978
1086,13542.060000000001,1.2800000000000011
1087,13541.02,1.2815999999999974
1088,13539.965,1.283299999999997
1089,13538.904999999999,1.2849000000000004
1090,13537.865000000002,1.2864999999999966
1091,13536.825,1.2881
1092,13535.77,1.2897999999999996
1093,13534.73,1.291400000000003
1094,13533.69,1.2929999999999993
1095,13532.65,1.2946000000000026
1096,13531.61,1.296199999999999
1097,13530.57,1.2978000000000023
1098,13529.55,1.2993999999999986
1099,13528.509999999998,1.301000000000002
1100,13527.47,1.3025999999999982
1101,13526.45,1.3042000000000016
1102,13525.41,1.3057999999999979
1103,13524.39,1.3074000000000012
1104,13523.37,1.3089999999999975
1105,13522.33,1.3106000000000009
1106,13521.310000000001,1.3121999999999971
1107,13520.29,1.3138000000000005
1108,13519.285,1.3153000000000006
1109,13518.265,1.3168999999999969
1110,13517.245,1.3185000000000002
1111,13516.225,1.3200999999999965
1112,13515.220000000001,1.3215999999999966
1113,13514.2,1.3232
1114,13513.215,1.3247
1115,13512.195,1.3263000000000034
1116,13511.195,1.3278999999999996
1117,13510.189999999999,1.3293999999999997
1118,13509.189999999999,1.331000000000003
1119,13508.185,1.3325000000000031
1120,13507.185000000001,1.3340999999999994
1121,13506.2,1.3355999999999995
1122,13505.18,1.3372000000000028
1123,13504.195,1.3387000000000029
1124,13503.21,1.340200000000003
1125,13502.21,1.3417999999999992
1126,13501.225,1.3432999999999993
1127,13500.240000000002,1.3447999999999993
1128,13499.255,1.3462999999999994
1129,13498.275,1.3479000000000028
1130,13497.29,1.3494000000000028
1131,13496.305,1.3509000000000029
1132,13495.34,1.352400000000003
1133,13494.355,1.353900000000003
1134,13493.375,1.3554999999999993
1135,13492.39,1.3569999999999993
1136,13491.425000000001,1.3584999999999994
1137,13490.439999999999,1.3599999999999994
1138,13489.475000000002,1.3614999999999995
1139,13488.51,1.3629999999999995
1140,13487.544999999998,1.3644999999999996
1141,13486.580000000002,1.3659999999999997
1142,13485.615,1.3674999999999997
1143,13484.650000000001,1.3689999999999998
1144,13483.7,1.3703999999999965
1145,13482.735,1.3718999999999966
1146,13481.77,1.3733999999999966
1147,13480.825,1.3748999999999967
1148,13479.86,1.3763999999999967
1149,13478.91,1.3778000000000006
1150,13477.965,1.3793000000000006
1151,13477.0,1.3808000000000007
1152,13476.055,1.3823000000000008
1153,13475.105000000001,1.3836999999999975
1154,13474.16,1.3851999999999975
1155,13473.23,1.3866000000000014
1156,13472.265,1.3881000000000014
1157,13471.32,1.3896000000000015
1158,13470.39,1.3909999999999982
1159,13469.445,1.3924999999999983
1160,13468.515,1.3939000000000021
1161,13467.57,1.3954000000000022
1162,13466.64,1.396799999999999
1163,13465.695,1.398299999999999
1164,13464.785,1.3997000000000028
1165,13463.855,1.4010999999999996
1166,13462.91,1.4025999999999996
1167,13462.0,1.4040000000000035
1168,13461.07,1.4054000000000002
1169,13460.145,1.4069000000000003
1170,13459.215000000002,1.408299999999997
1171,13458.305,1.4097000000000008
1172,13457.375,1.4110999999999976
1173,13456.45,1.4125999999999976
1174,13455.539999999999,1.4140000000000015
1175,13454.630000000001,1.4153999999999982
1176,13453.72,1.416800000000002
1177,13452.81,1.4181999999999988
1178,13451.9,1.4196000000000026
1179,13450.99,1.4209999999999994
1180,13450.08,1.4224000000000032
1181,13449.17,1.4238
1182,13448.259999999998,1.4251999999999967
1183,13447.35,1.4266000000000005
1184,13446.44,1.4279999999999973
1185,13445.55,1.4294000000000011
1186,13444.64,1.4307999999999979
1187,13443.75,1.4322000000000017
1188,13442.84,1.4335999999999984
1189,13441.95,1.4350000000000023
1190,13441.04,1.436399999999999
1191,13440.165,1.4376999999999995
1192,13439.274999999998,1.4391000000000034
1193,13438.384999999998,1.4405000000000001
1194,13437.475000000002,1.4418999999999969
1195,13436.600000000002,1.4431999999999974
1196,13435.71,1.4446000000000012
1197,13434.82,1.445999999999998
1198,13433.945,1.4472999999999985
1199,13433.055,1.4487000000000023
1200,13432.165,1.450099999999999
1201,13431.29,1.4513999999999996
1202,13430.419999999998,1.4528000000000034
1203,13429.545,1.4540999999999968
1204,13428.654999999999,1.4555000000000007
1205,13427.8,1.4568000000000012
1206,13426.91,1.458199999999998
1207,13426.055,1.4594999999999985
1208,13425.165,1.4609000000000023
1209,13424.31,1.4622000000000028
1210,13423.42,1.4635999999999996
1211,13422.564999999999,1.4649
1212,13421.71,1.4662000000000006
1213,13420.82,1.4675999999999974
1214,13419.965,1.4688999999999979
1215,13419.11,1.4701999999999984
1216,13418.255000000001,1.471499999999999
1217,13417.384999999998,1.4729000000000028
1218,13416.529999999999,1.4742000000000033
1219,13415.675000000001,1.4754999999999967
1220,13414.82,1.4767999999999972
1221,13413.95,1.478200000000001
1222,13413.115,1.4795000000000016
1223,13412.259999999998,1.4808000000000021
1224,13411.404999999999,1.4821000000000026
1225,13410.57,1.4834000000000032
1226,13409.715,1.4846999999999966
1227,13408.86,1.485999999999997
1228,13408.025000000001,1.4872999999999976
1229,13407.17,1.4885999999999981
1230,13406.335,1.4898999999999987
1231,13405.5,1.4911999999999992
1232,13404.645,1.4924999999999997
1233,13403.81,1.4938000000000002
1234,13402.974999999999,1.4951000000000008
1235,13402.14,1.4964000000000013
1236,13401.305,1.4977000000000018
1237,13400.47,1.4990000000000023
1238,13399.650000000001,1.5001999999999995
1239,13398.815,1.5015
1240,13397.98,1.5028000000000006
1241,13397.145,1.504100000000001
1242,13396.31,1.5054000000000016
1243,13395.490000000002,1.5065999999999988
1244,13394.655,1.5078999999999994
1245,13393.84,1.5091999999999999
1246,13393.02,1.510399999999997
1247,13392.185000000001,1.5116999999999976
1248,13391.37,1.5129999999999981
1249,13390.55,1.5142000000000024
1250,13389.734999999999,1.515500000000003
1251,13388.9,1.5168000000000035
1252,13388.099999999999,1.5180000000000007
1253,13387.285,1.5193000000000012
1254,13386.465,1.5204999999999984
1255,13385.65,1.521799999999999
1256,13384.849999999999,1.5230000000000032
1257,13384.035,1.5242999999999967
1258,13383.235,1.525500000000001
1259,13382.419999999998,1.5268000000000015
1260,13381.62,1.5279999999999987
1261,13380.82,1.529200000000003
1262,13380.005,1.5305000000000035
1263,13379.204999999998,1.5317000000000007
1264,13378.39,1.5330000000000013
1265,13377.59,1.5341999999999985
1266,13376.79,1.5354000000000028
1267,13375.994999999999,1.5367000000000033
1268,13375.195,1.5379000000000005
1269,13374.395,1.5390999999999977
1270,13373.615000000002,1.540300000000002
1271,13372.815,1.5414999999999992
1272,13372.02,1.5427999999999997
1273,13371.220000000001,1.543999999999997
1274,13370.44,1.5452000000000012
1275,13369.64,1.5463999999999984
1276,13368.86,1.5476000000000028
1277,13368.08,1.5488
1278,13367.285,1.5501000000000005
1279,13366.485,1.5512999999999977
1280,13365.705,1.552500000000002
1281,13364.925000000001,1.5536999999999992
1282,13364.145,1.5549000000000035
1283,13363.365000000002,1.5561000000000007
1284,13362.585000000001,1.557299999999998
1285,13361.805,1.5585000000000022
1286,13361.025000000001,1.5596999999999994
1287,13360.245,1.5608999999999966
1288,13359.48,1.5619999999999976
1289,13358.719999999998,1.563200000000002
1290,13357.939999999999,1.5643999999999991
1291,13357.16,1.5656000000000034
1292,13356.400000000001,1.5668000000000006
1293,13355.619999999999,1.5679999999999978
1294,13354.84,1.5692000000000021
1295,13354.095000000001,1.5703000000000031
1296,13353.315,1.5715000000000003
1297,13352.555,1.5726999999999975
1298,13351.795,1.5739000000000019
1299,13351.03,1.5750000000000028
