case,i,anode,dest,x,y,ndest,maxdif
    0,    2,    1,    1,200.00, 45.09, 38.50,  6.59
    0,    5,    2,    1, 62.26, 49.43, 47.64,  1.78
    0,    5,    2,    1, 38.84, 49.16, 47.64,  1.52
    0,    5,    2,    1, 32.24, 49.09, 47.64,  1.45
    0,    5,    2,    1, 26.33, 49.03, 47.64,  1.38
    0,    5,    2,    1,  8.16, 48.82, 47.64,  1.18
    0,    5,    2,    1,  3.04, 48.77, 47.64,  1.12
    1,    1,    1,    1,200.00, 56.93, 44.54, 12.39
    4,    1,    1,    1,200.00, 47.05, 44.27,  2.78
    5,    1,    1,    1,200.00, 47.05, 41.22,  5.83
    6,    1,    1,    1,200.00, 47.05, 39.69,  7.36
    8,    1,    1,    1,200.00, 43.76, 41.54,  2.22
    9,    1,    1,    1,200.00, 43.76, 40.11,  3.65
   11,    1,    1,    1,200.00, 42.11, 41.79,  0.33
   11,    1,    1,    1,167.35, 42.04, 41.79,  0.25
   11,    1,    1,    1,159.06, 42.02, 41.79,  0.23
   11,    1,    1,    1,151.90, 42.00, 41.79,  0.22
   11,    1,    1,    1,144.77, 41.99, 41.79,  0.20
   11,    1,    1,    1,138.63, 41.97, 41.79,  0.19
   11,    1,    1,    1,132.51, 41.96, 41.79,  0.17
   11,    1,    1,    1,127.23, 41.95, 41.79,  0.16
   11,    1,    1,    1,121.97, 41.93, 41.79,  0.15
   11,    1,    1,    1,117.44, 41.92, 41.79,  0.14
   11,    1,    1,    1,112.93, 41.91, 41.79,  0.13
   11,    1,    1,    1,109.04, 41.90, 41.79,  0.12
   11,    1,    1,    1,105.16, 41.89, 41.79,  0.11
   11,    1,    1,    1,101.82, 41.89, 41.79,  0.10
   11,    1,    1,    1, 98.49, 41.88, 41.79,  0.09
   11,    1,    1,    1, 95.62, 41.87, 41.79,  0.09
   11,    1,    1,    1, 92.76, 41.87, 41.79,  0.08
   11,    1,    1,    1, 90.29, 41.86, 41.79,  0.07
   11,    1,    1,    1, 87.84, 41.85, 41.79,  0.07
   11,    1,    1,    1, 85.72, 41.85, 41.79,  0.06
   11,    1,    1,    1, 83.61, 41.85, 41.79,  0.06
   11,    1,    1,    1, 81.79, 41.84, 41.79,  0.05
   11,    1,    1,    1, 79.98, 41.84, 41.79,  0.05
   11,    1,    1,    1, 78.42, 41.83, 41.79,  0.05
   11,    1,    1,    1, 76.87, 41.83, 41.79,  0.04
   11,    1,    1,    1, 75.52, 41.83, 41.79,  0.04
   11,    1,    1,    1, 74.19, 41.82, 41.79,  0.04
   11,    1,    1,    1, 73.04, 41.82, 41.79,  0.03
   11,    1,    1,    1, 71.89, 41.82, 41.79,  0.03
   11,    1,    1,    1, 70.90, 41.82, 41.79,  0.03
   11,    1,    1,    1, 69.92, 41.81, 41.79,  0.03
   11,    1,    1,    1, 69.07, 41.81, 41.79,  0.03
   11,    1,    1,    1, 68.22, 41.81, 41.79,  0.02
   11,    1,    1,    1, 67.49, 41.81, 41.79,  0.02
   11,    1,    1,    1, 66.76, 41.81, 41.79,  0.02
   11,    1,    1,    1, 66.14, 41.81, 41.79,  0.02
   11,    1,    1,    1, 65.51, 41.80, 41.79,  0.02
   11,    1,    1,    1, 64.98, 41.80, 41.79,  0.02
   11,    1,    1,    1, 64.44, 41.80, 41.79,  0.02
   11,    1,    1,    1, 63.98, 41.80, 41.79,  0.01
   11,    1,    1,    1, 63.52, 41.80, 41.79,  0.01
   11,    1,    1,    1, 63.12, 41.80, 41.79,  0.01
   11,    1,    1,    1, 62.73, 41.80, 41.79,  0.01
   11,    1,    1,    1, 62.39, 41.80, 41.79,  0.01
   11,    1,    1,    1, 62.05, 41.80, 41.79,  0.01
   11,    1,    1,    1, 61.75, 41.79, 41.79,  0.01
   12,    1,    1,    1,200.00, 42.11, 40.45,  1.66
   12,    1,    1,    1, 33.79, 41.73, 40.45,  1.28
   15,    1,    1,    1,200.00, 41.12, 40.73,  0.40
   15,    1,    1,    1,160.25, 41.05, 40.73,  0.32
   15,    1,    1,    1,149.55, 41.03, 40.73,  0.30
   15,    1,    1,    1,140.17, 41.01, 40.73,  0.29
   15,    1,    1,    1,130.68, 41.00, 40.73,  0.27
   15,    1,    1,    1,122.36, 40.98, 40.73,  0.25
   15,    1,    1,    1,113.96, 40.97, 40.73,  0.24
   15,    1,    1,    1,106.59, 40.95, 40.73,  0.23
   15,    1,    1,    1, 99.14, 40.94, 40.73,  0.21
   15,    1,    1,    1, 92.61, 40.93, 40.73,  0.20
   15,    1,    1,    1, 86.01, 40.92, 40.73,  0.19
   15,    1,    1,    1, 80.22, 40.90, 40.73,  0.18
   15,    1,    1,    1, 74.37, 40.89, 40.73,  0.17
   15,    1,    1,    1, 69.24, 40.88, 40.73,  0.16
   15,    1,    1,    1, 64.05, 40.87, 40.73,  0.15
   15,    1,    1,    1, 59.51, 40.87, 40.73,  0.14
   15,    1,    1,    1, 54.92, 40.86, 40.73,  0.13
   15,    1,    1,    1, 50.89, 40.85, 40.73,  0.12
   15,    1,    1,    1, 46.82, 40.84, 40.73,  0.12
   15,    1,    1,    1, 43.25, 40.84, 40.73,  0.11
   15,    1,    1,    1, 39.64, 40.83, 40.73,  0.10
   15,    1,    1,    1, 36.48, 40.82, 40.73,  0.10
   15,    1,    1,    1, 33.28, 40.82, 40.73,  0.09
   15,    1,    1,    1, 30.48, 40.81, 40.73,  0.09
   15,    1,    1,    1, 27.64, 40.81, 40.73,  0.08
   15,    1,    1,    1, 25.16, 40.80, 40.73,  0.08
   15,    1,    1,    1, 22.65, 40.80, 40.73,  0.07
   15,    1,    1,    1, 20.45, 40.79, 40.73,  0.07
   15,    1,    1,    1, 18.22, 40.79, 40.73,  0.06
   15,    1,    1,    1, 16.27, 40.79, 40.73,  0.06
   15,    1,    1,    1, 14.30, 40.78, 40.73,  0.06
   15,    1,    1,    1, 12.57, 40.78, 40.73,  0.05
   15,    1,    1,    1, 10.82, 40.78, 40.73,  0.05
   15,    1,    1,    1,  9.29, 40.77, 40.73,  0.05
   15,    1,    1,    1,  7.74, 40.77, 40.73,  0.04
   15,    1,    1,    1,  6.39, 40.77, 40.73,  0.04
   15,    1,    1,    1,  5.01, 40.77, 40.73,  0.04
   15,    1,    1,    1,  3.81, 40.76, 40.73,  0.04
   15,    1,    1,    1,  2.59, 40.76, 40.73,  0.03
   15,    1,    1,    1,  1.53, 40.76, 40.73,  0.03
   15,    1,    1,    1,  0.45, 40.76, 40.73,  0.03
   16,    1,    1,    1,200.00, 50.45, 38.05, 12.39
   19,    1,    1,    1,200.00, 40.57, 37.79,  2.78
   20,    1,    1,    1,200.00, 40.57, 34.73,  5.83
   21,    1,    1,    1,200.00, 40.57, 33.20,  7.36
   23,    1,    1,    1,200.00, 37.27, 35.06,  2.22
   24,    1,    1,    1,200.00, 37.27, 33.63,  3.65
   26,    1,    1,    1,200.00, 35.63, 35.30,  0.33
   26,    1,    1,    1,167.35, 35.55, 35.30,  0.25
   26,    1,    1,    1,159.06, 35.53, 35.30,  0.23
   26,    1,    1,    1,151.90, 35.52, 35.30,  0.22
   26,    1,    1,    1,144.77, 35.50, 35.30,  0.20
   26,    1,    1,    1,138.63, 35.49, 35.30,  0.19
   26,    1,    1,    1,132.51, 35.47, 35.30,  0.17
   26,    1,    1,    1,127.23, 35.46, 35.30,  0.16
   26,    1,    1,    1,121.97, 35.45, 35.30,  0.15
   26,    1,    1,    1,117.44, 35.44, 35.30,  0.14
   26,    1,    1,    1,112.93, 35.43, 35.30,  0.13
   26,    1,    1,    1,109.04, 35.42, 35.30,  0.12
   26,    1,    1,    1,105.16, 35.41, 35.30,  0.11
   26,    1,    1,    1,101.82, 35.40, 35.30,  0.10
   26,    1,    1,    1, 98.49, 35.39, 35.30,  0.09
   26,    1,    1,    1, 95.62, 35.39, 35.30,  0.09
   26,    1,    1,    1, 92.76, 35.38, 35.30,  0.08
   26,    1,    1,    1, 90.29, 35.37, 35.30,  0.07
   26,    1,    1,    1, 87.84, 35.37, 35.30,  0.07
   26,    1,    1,    1, 85.72, 35.36, 35.30,  0.06
   26,    1,    1,    1, 83.61, 35.36, 35.30,  0.06
   26,    1,    1,    1, 81.79, 35.35, 35.30,  0.05
   26,    1,    1,    1, 79.98, 35.35, 35.30,  0.05
   26,    1,    1,    1, 78.42, 35.35, 35.30,  0.05
   26,    1,    1,    1, 76.87, 35.34, 35.30,  0.04
   26,    1,    1,    1, 75.52, 35.34, 35.30,  0.04
   26,    1,    1,    1, 74.19, 35.34, 35.30,  0.04
   26,    1,    1,    1, 73.04, 35.33, 35.30,  0.03
   26,    1,    1,    1, 71.89, 35.33, 35.30,  0.03
   26,    1,    1,    1, 70.90, 35.33, 35.30,  0.03
   26,    1,    1,    1, 69.92, 35.33, 35.30,  0.03
   26,    1,    1,    1, 69.07, 35.33, 35.30,  0.03
   26,    1,    1,    1, 68.22, 35.32, 35.30,  0.02
   26,    1,    1,    1, 67.49, 35.32, 35.30,  0.02
   26,    1,    1,    1, 66.76, 35.32, 35.30,  0.02
   26,    1,    1,    1, 66.14, 35.32, 35.30,  0.02
   26,    1,    1,    1, 65.51, 35.32, 35.30,  0.02
   26,    1,    1,    1, 64.98, 35.32, 35.30,  0.02
   26,    1,    1,    1, 64.44, 35.31, 35.30,  0.02
   26,    1,    1,    1, 63.98, 35.31, 35.30,  0.01
   26,    1,    1,    1, 63.52, 35.31, 35.30,  0.01
   26,    1,    1,    1, 63.12, 35.31, 35.30,  0.01
   26,    1,    1,    1, 62.73, 35.31, 35.30,  0.01
   26,    1,    1,    1, 62.39, 35.31, 35.30,  0.01
   26,    1,    1,    1, 62.05, 35.31, 35.30,  0.01
   26,    1,    1,    1, 61.75, 35.31, 35.30,  0.01
   27,    1,    1,    1,200.00, 35.63, 33.96,  1.66
   27,    1,    1,    1, 33.79, 35.24, 33.96,  1.28
   30,    1,    1,    1,200.00, 34.64, 34.24,  0.40
   30,    1,    1,    1,160.25, 34.57, 34.24,  0.32
   30,    1,    1,    1,149.55, 34.55, 34.24,  0.30
   30,    1,    1,    1,140.17, 34.53, 34.24,  0.29
   30,    1,    1,    1,130.68, 34.51, 34.24,  0.27
   30,    1,    1,    1,122.36, 34.50, 34.24,  0.25
   30,    1,    1,    1,113.96, 34.48, 34.24,  0.24
   30,    1,    1,    1,106.59, 34.47, 34.24,  0.23
   30,    1,    1,    1, 99.14, 34.45, 34.24,  0.21
   30,    1,    1,    1, 92.61, 34.44, 34.24,  0.20
   30,    1,    1,    1, 86.01, 34.43, 34.24,  0.19
   30,    1,    1,    1, 80.22, 34.42, 34.24,  0.18
   30,    1,    1,    1, 74.37, 34.41, 34.24,  0.17
   30,    1,    1,    1, 69.24, 34.40, 34.24,  0.16
   30,    1,    1,    1, 64.05, 34.39, 34.24,  0.15
   30,    1,    1,    1, 59.51, 34.38, 34.24,  0.14
   30,    1,    1,    1, 54.92, 34.37, 34.24,  0.13
   30,    1,    1,    1, 50.89, 34.36, 34.24,  0.12
   30,    1,    1,    1, 46.82, 34.36, 34.24,  0.12
   30,    1,    1,    1, 43.25, 34.35, 34.24,  0.11
   30,    1,    1,    1, 39.64, 34.34, 34.24,  0.10
   30,    1,    1,    1, 36.48, 34.34, 34.24,  0.10
   30,    1,    1,    1, 33.28, 34.33, 34.24,  0.09
   30,    1,    1,    1, 30.48, 34.33, 34.24,  0.09
   30,    1,    1,    1, 27.64, 34.32, 34.24,  0.08
   30,    1,    1,    1, 25.16, 34.32, 34.24,  0.08
   30,    1,    1,    1, 22.65, 34.31, 34.24,  0.07
   30,    1,    1,    1, 20.45, 34.31, 34.24,  0.07
   30,    1,    1,    1, 18.22, 34.30, 34.24,  0.06
   30,    1,    1,    1, 16.27, 34.30, 34.24,  0.06
   30,    1,    1,    1, 14.30, 34.30, 34.24,  0.06
   30,    1,    1,    1, 12.57, 34.29, 34.24,  0.05
   30,    1,    1,    1, 10.82, 34.29, 34.24,  0.05
   30,    1,    1,    1,  9.29, 34.29, 34.24,  0.05
   30,    1,    1,    1,  7.74, 34.28, 34.24,  0.04
   30,    1,    1,    1,  6.39, 34.28, 34.24,  0.04
   30,    1,    1,    1,  5.01, 34.28, 34.24,  0.04
   30,    1,    1,    1,  3.81, 34.28, 34.24,  0.04
   30,    1,    1,    1,  2.59, 34.28, 34.24,  0.03
   30,    1,    1,    1,  1.53, 34.27, 34.24,  0.03
   30,    1,    1,    1,  0.45, 34.27, 34.24,  0.03
   31,    1,    1,    1,200.00, 48.28, 35.89, 12.39
   34,    1,    1,    1,200.00, 38.40, 35.62,  2.78
   35,    1,    1,    1,200.00, 38.40, 32.57,  5.83
   36,    1,    1,    1,200.00, 38.40, 31.04,  7.36
   38,    1,    1,    1,200.00, 35.11, 32.89,  2.22
   39,    1,    1,    1,200.00, 35.11, 31.46,  3.65
   41,    1,    1,    1,200.00, 33.46, 33.14,  0.33
   41,    1,    1,    1,167.35, 33.39, 33.14,  0.25
   41,    1,    1,    1,159.06, 33.37, 33.14,  0.23
   41,    1,    1,    1,151.90, 33.35, 33.14,  0.22
   41,    1,    1,    1,144.77, 33.34, 33.14,  0.20
   41,    1,    1,    1,138.63, 33.32, 33.14,  0.19
   41,    1,    1,    1,132.51, 33.31, 33.14,  0.17
   41,    1,    1,    1,127.23, 33.30, 33.14,  0.16
   41,    1,    1,    1,121.97, 33.28, 33.14,  0.15
   41,    1,    1,    1,117.44, 33.27, 33.14,  0.14
   41,    1,    1,    1,112.93, 33.26, 33.14,  0.13
   41,    1,    1,    1,109.04, 33.25, 33.14,  0.12
   41,    1,    1,    1,105.16, 33.25, 33.14,  0.11
   41,    1,    1,    1,101.82, 33.24, 33.14,  0.10
   41,    1,    1,    1, 98.49, 33.23, 33.14,  0.09
   41,    1,    1,    1, 95.62, 33.22, 33.14,  0.09
   41,    1,    1,    1, 92.76, 33.22, 33.14,  0.08
   41,    1,    1,    1, 90.29, 33.21, 33.14,  0.07
   41,    1,    1,    1, 87.84, 33.21, 33.14,  0.07
   41,    1,    1,    1, 85.72, 33.20, 33.14,  0.06
   41,    1,    1,    1, 83.61, 33.20, 33.14,  0.06
   41,    1,    1,    1, 81.79, 33.19, 33.14,  0.05
   41,    1,    1,    1, 79.98, 33.19, 33.14,  0.05
   41,    1,    1,    1, 78.42, 33.18, 33.14,  0.05
   41,    1,    1,    1, 76.87, 33.18, 33.14,  0.04
   41,    1,    1,    1, 75.52, 33.18, 33.14,  0.04
   41,    1,    1,    1, 74.19, 33.17, 33.14,  0.04
   41,    1,    1,    1, 73.04, 33.17, 33.14,  0.03
   41,    1,    1,    1, 71.89, 33.17, 33.14,  0.03
   41,    1,    1,    1, 70.90, 33.17, 33.14,  0.03
   41,    1,    1,    1, 69.92, 33.17, 33.14,  0.03
   41,    1,    1,    1, 69.07, 33.16, 33.14,  0.03
   41,    1,    1,    1, 68.22, 33.16, 33.14,  0.02
   41,    1,    1,    1, 67.49, 33.16, 33.14,  0.02
   41,    1,    1,    1, 66.76, 33.16, 33.14,  0.02
   41,    1,    1,    1, 66.14, 33.16, 33.14,  0.02
   41,    1,    1,    1, 65.51, 33.15, 33.14,  0.02
   41,    1,    1,    1, 64.98, 33.15, 33.14,  0.02
   41,    1,    1,    1, 64.44, 33.15, 33.14,  0.02
   41,    1,    1,    1, 63.98, 33.15, 33.14,  0.01
   41,    1,    1,    1, 63.52, 33.15, 33.14,  0.01
   41,    1,    1,    1, 63.12, 33.15, 33.14,  0.01
   41,    1,    1,    1, 62.73, 33.15, 33.14,  0.01
   41,    1,    1,    1, 62.39, 33.15, 33.14,  0.01
   41,    1,    1,    1, 62.05, 33.15, 33.14,  0.01
   41,    1,    1,    1, 61.75, 33.15, 33.14,  0.01
   42,    1,    1,    1,200.00, 33.46, 31.80,  1.66
   42,    1,    1,    1, 33.79, 33.08, 31.80,  1.28
   45,    1,    1,    1,200.00, 56.93, 44.54, 12.39
   45,    3,    1,    1,200.00, 43.44, 42.63,  0.81
   45,    3,    1,    1,186.55, 43.34, 42.75,  0.58
   45,    3,    1,    1,183.37, 43.31, 42.78,  0.53
   45,    3,    1,    1,180.52, 43.29, 42.81,  0.48
   45,    3,    1,    1,177.90, 43.27, 42.84,  0.44
   45,    3,    1,    1,175.56, 43.26, 42.86,  0.40
   45,    3,    1,    1,173.39, 43.24, 42.88,  0.36
   45,    3,    1,    1,171.46, 43.23, 42.90,  0.33
   45,    3,    1,    1,169.68, 43.21, 42.92,  0.30
   45,    3,    1,    1,168.09, 43.20, 42.93,  0.27
   45,    3,    1,    1,166.62, 43.19, 42.95,  0.24
   45,    3,    1,    1,165.31, 43.18, 42.96,  0.22
   45,    3,    1,    1,164.10, 43.17, 42.97,  0.20
   45,    3,    1,    1,163.02, 43.16, 42.98,  0.18
   45,    3,    1,    1,162.02, 43.15, 42.99,  0.17
   45,    3,    1,    1,161.13, 43.15, 43.00,  0.15
   45,    3,    1,    1,160.31, 43.14, 43.01,  0.14
   45,    3,    1,    1,159.58, 43.14, 43.01,  0.12
   45,    3,    1,    1,158.90, 43.13, 43.02,  0.11
   45,    3,    1,    1,158.30, 43.13, 43.02,  0.10
   45,    3,    1,    1,157.74, 43.12, 43.03,  0.09
   45,    3,    1,    1,157.24, 43.12, 43.03,  0.08
   45,    3,    1,    1,156.78, 43.12, 43.04,  0.08
   45,    3,    1,    1,156.37, 43.11, 43.04,  0.07
   45,    3,    1,    1,155.99, 43.11, 43.05,  0.06
   45,    3,    1,    1,155.65, 43.11, 43.05,  0.06
   45,    3,    1,    1,155.34, 43.10, 43.05,  0.05
   45,    3,    1,    1,155.06, 43.10, 43.06,  0.05
   45,    3,    1,    1,154.81, 43.10, 43.06,  0.04
   45,    3,    1,    1,154.58, 43.10, 43.06,  0.04
   45,    3,    1,    1,154.36, 43.10, 43.06,  0.04
   45,    3,    1,    1,154.18, 43.10, 43.06,  0.03
   45,    3,    1,    1,154.00, 43.09, 43.07,  0.03
   45,    3,    1,    1,153.85, 43.09, 43.07,  0.03
   45,    3,    1,    1,153.70, 43.09, 43.07,  0.02
   45,    3,    1,    1,153.57, 43.09, 43.07,  0.02
   45,    3,    1,    1,153.45, 43.09, 43.07,  0.02
   45,    3,    1,    1,153.35, 43.09, 43.07,  0.02
   45,    3,    1,    1,153.25, 43.09, 43.07,  0.02
   45,    3,    1,    1,153.16, 43.09, 43.07,  0.01
   45,    3,    1,    1,153.08, 43.09, 43.07,  0.01
   45,    3,    1,    1,153.01, 43.09, 43.08,  0.01
   45,    3,    1,    1,152.95, 43.09, 43.08,  0.01
   45,    3,    1,    1,152.89, 43.09, 43.08,  0.01
   45,    3,    1,    1,152.83, 43.09, 43.08,  0.01
   45,    3,    1,    1,152.78, 43.09, 43.08,  0.01
   48,    1,    1,    1,200.00, 47.05, 44.27,  2.78
   48,    3,    1,    1,200.00, 43.44, 42.51,  0.93
   48,    3,    1,    1,183.92, 43.32, 42.65,  0.66
   48,    3,    1,    1,180.11, 43.29, 42.69,  0.60
   48,    3,    1,    1,176.71, 43.26, 42.72,  0.55
   48,    3,    1,    1,173.57, 43.24, 42.74,  0.50
   48,    3,    1,    1,170.77, 43.22, 42.77,  0.45
   48,    3,    1,    1,168.19, 43.20, 42.79,  0.41
   48,    3,    1,    1,165.89, 43.18, 42.81,  0.37
   48,    3,    1,    1,163.76, 43.17, 42.83,  0.34
   48,    3,    1,    1,161.86, 43.15, 42.85,  0.31
   48,    3,    1,    1,160.11, 43.14, 42.86,  0.28
   48,    3,    1,    1,158.54, 43.13, 42.88,  0.25
   48,    3,    1,    1,157.10, 43.12, 42.89,  0.23
   48,    3,    1,    1,155.81, 43.11, 42.90,  0.21
   48,    3,    1,    1,154.62, 43.10, 42.91,  0.19
   48,    3,    1,    1,153.56, 43.09, 42.92,  0.17
   48,    3,    1,    1,152.58, 43.08, 42.93,  0.15
   48,    3,    1,    1,151.71, 43.08, 42.94,  0.14
   48,    3,    1,    1,150.91, 43.07, 42.94,  0.13
   48,    3,    1,    1,150.19, 43.07, 42.95,  0.12
   48,    3,    1,    1,149.52, 43.06, 42.96,  0.11
   48,    3,    1,    1,148.93, 43.06, 42.96,  0.10
   48,    3,    1,    1,148.38, 43.05, 42.97,  0.09
   48,    3,    1,    1,147.89, 43.05, 42.97,  0.08
   48,    3,    1,    1,147.44, 43.05, 42.97,  0.07
   48,    3,    1,    1,147.04, 43.04, 42.98,  0.06
   48,    3,    1,    1,146.67, 43.04, 42.98,  0.06
   48,    3,    1,    1,146.34, 43.04, 42.98,  0.05
   48,    3,    1,    1,146.03, 43.04, 42.99,  0.05
   48,    3,    1,    1,145.76, 43.03, 42.99,  0.04
   48,    3,    1,    1,145.51, 43.03, 42.99,  0.04
   48,    3,    1,    1,145.29, 43.03, 42.99,  0.04
   48,    3,    1,    1,145.08, 43.03, 43.00,  0.03
   48,    3,    1,    1,144.89, 43.03, 43.00,  0.03
   48,    3,    1,    1,144.72, 43.03, 43.00,  0.03
   48,    3,    1,    1,144.57, 43.02, 43.00,  0.02
   48,    3,    1,    1,144.43, 43.02, 43.00,  0.02
   48,    3,    1,    1,144.30, 43.02, 43.00,  0.02
   48,    3,    1,    1,144.19, 43.02, 43.00,  0.02
   48,    3,    1,    1,144.09, 43.02, 43.00,  0.02
   48,    3,    1,    1,143.99, 43.02, 43.01,  0.02
   48,    3,    1,    1,143.91, 43.02, 43.01,  0.01
   48,    3,    1,    1,143.83, 43.02, 43.01,  0.01
   48,    3,    1,    1,143.76, 43.02, 43.01,  0.01
   48,    3,    1,    1,143.69, 43.02, 43.01,  0.01
   48,    3,    1,    1,143.63, 43.02, 43.01,  0.01
   49,    1,    1,    1,200.00, 47.05, 41.22,  5.83
   50,    1,    1,    1,200.00, 47.05, 39.69,  7.36
   51,    3,    1,    1,181.45, 43.30, 42.03,  1.27
   51,    2,    1,    1,  1.31, 42.77, 42.22,  0.55
   51,    3,    1,    1,161.16, 43.15, 42.22,  0.93
   51,    2,    1,    1,  0.73, 42.81, 42.26,  0.55
   51,    3,    1,    1,156.71, 43.12, 42.26,  0.85
   51,    3,    1,    1,152.91, 43.09, 42.30,  0.79
   51,    3,    1,    1,148.90, 43.06, 42.34,  0.72
   51,    3,    1,    1,145.34, 43.03, 42.37,  0.66
   51,    3,    1,    1,141.98, 43.01, 42.40,  0.60
   51,    3,    1,    1,139.00, 42.98, 42.43,  0.55
   51,    3,    1,    1,136.20, 42.96, 42.46,  0.50
   51,    3,    1,    1,133.70, 42.94, 42.48,  0.46
   51,    3,    1,    1,131.36, 42.93, 42.50,  0.42
   51,    3,    1,    1,129.27, 42.91, 42.52,  0.39
   51,    3,    1,    1,127.31, 42.90, 42.54,  0.35
   51,    3,    1,    1,125.57, 42.88, 42.56,  0.32
   51,    3,    1,    1,123.92, 42.87, 42.58,  0.29
   51,    3,    1,    1,122.46, 42.86, 42.59,  0.27
   51,    3,    1,    1,121.09, 42.85, 42.60,  0.25
   51,    3,    1,    1,119.87, 42.84, 42.61,  0.23
   51,    3,    1,    1,118.72, 42.83, 42.63,  0.21
   51,    3,    1,    1,117.70, 42.82, 42.64,  0.19
   51,    3,    1,    1,116.74, 42.82, 42.64,  0.17
   51,    3,    1,    1,115.89, 42.81, 42.65,  0.16
   51,    3,    1,    1,115.09, 42.80, 42.66,  0.14
   51,    3,    1,    1,114.37, 42.80, 42.67,  0.13
   51,    3,    1,    1,113.70, 42.79, 42.67,  0.12
   51,    3,    1,    1,113.10, 42.79, 42.68,  0.11
   51,    3,    1,    1,112.54, 42.79, 42.68,  0.10
   51,    3,    1,    1,112.04, 42.78, 42.69,  0.09
   51,    3,    1,    1,111.57, 42.78, 42.69,  0.08
   51,    3,    1,    1,111.15, 42.77, 42.70,  0.08
   51,    3,    1,    1,110.76, 42.77, 42.70,  0.07
   51,    3,    1,    1,110.41, 42.77, 42.70,  0.06
   51,    3,    1,    1,110.08, 42.77, 42.71,  0.06
   51,    3,    1,    1,109.79, 42.76, 42.71,  0.05
   51,    3,    1,    1,109.52, 42.76, 42.71,  0.05
   51,    3,    1,    1,109.27, 42.76, 42.72,  0.05
   51,    3,    1,    1,109.04, 42.76, 42.72,  0.04
   51,    3,    1,    1,108.84, 42.76, 42.72,  0.04
   51,    3,    1,    1,108.64, 42.76, 42.72,  0.03
   51,    3,    1,    1,108.47, 42.75, 42.72,  0.03
   51,    3,    1,    1,108.31, 42.75, 42.72,  0.03
   51,    3,    1,    1,108.17, 42.75, 42.73,  0.03
   51,    3,    1,    1,108.03, 42.75, 42.73,  0.02
   51,    3,    1,    1,107.92, 42.75, 42.73,  0.02
   51,    3,    1,    1,107.80, 42.75, 42.73,  0.02
   51,    3,    1,    1,107.70, 42.75, 42.73,  0.02
   51,    3,    1,    1,107.61, 42.75, 42.73,  0.02
   51,    3,    1,    1,107.52, 42.75, 42.73,  0.02
   51,    3,    1,    1,107.45, 42.75, 42.73,  0.01
   51,    3,    1,    1,107.38, 42.75, 42.73,  0.01
   51,    3,    1,    1,107.31, 42.75, 42.73,  0.01
   51,    3,    1,    1,107.25, 42.75, 42.73,  0.01
   51,    3,    1,    1,107.20, 42.75, 42.74,  0.01
   51,    3,    1,    1,107.15, 42.74, 42.74,  0.01
   52,    1,    1,    1,200.00, 43.76, 41.54,  2.22
   53,    1,    1,    1,200.00, 43.76, 40.11,  3.65
   54,    3,    1,    1, 16.80, 42.07, 41.97,  0.11
   54,    3,    1,    1, 15.08, 42.06, 41.98,  0.08
   54,    3,    1,    1, 14.67, 42.05, 41.98,  0.07
   54,    3,    1,    1, 14.30, 42.05, 41.99,  0.06
   54,    3,    1,    1, 13.95, 42.05, 41.99,  0.06
   54,    3,    1,    1, 13.64, 42.05, 41.99,  0.05
   54,    3,    1,    1, 13.35, 42.04, 42.00,  0.05
   54,    3,    1,    1, 13.10, 42.04, 42.00,  0.04
   54,    3,    1,    1, 12.85, 42.04, 42.00,  0.04
   54,    3,    1,    1, 12.64, 42.04, 42.00,  0.04
   54,    3,    1,    1, 12.44, 42.04, 42.00,  0.03
   54,    3,    1,    1, 12.26, 42.04, 42.00,  0.03
   54,    3,    1,    1, 12.09, 42.03, 42.01,  0.03
   54,    3,    1,    1, 11.94, 42.03, 42.01,  0.03
   54,    3,    1,    1, 11.80, 42.03, 42.01,  0.02
   54,    3,    1,    1, 11.67, 42.03, 42.01,  0.02
   54,    3,    1,    1, 11.56, 42.03, 42.01,  0.02
   54,    3,    1,    1, 11.45, 42.03, 42.01,  0.02
   54,    3,    1,    1, 11.36, 42.03, 42.01,  0.02
   54,    3,    1,    1, 11.27, 42.03, 42.01,  0.02
   54,    3,    1,    1, 11.19, 42.03, 42.01,  0.01
   54,    3,    1,    1, 11.11, 42.03, 42.02,  0.01
   54,    3,    1,    1, 11.05, 42.03, 42.02,  0.01
   54,    3,    1,    1, 10.98, 42.03, 42.02,  0.01
   54,    3,    1,    1, 10.93, 42.03, 42.02,  0.01
   54,    3,    1,    1, 10.88, 42.03, 42.02,  0.01
   55,    1,    1,    1,200.00, 42.11, 41.79,  0.33
   55,    1,    1,    1,167.35, 42.04, 41.79,  0.25
   55,    1,    1,    1,159.06, 42.02, 41.79,  0.23
   55,    1,    1,    1,151.90, 42.00, 41.79,  0.22
   55,    1,    1,    1,144.77, 41.99, 41.79,  0.20
   55,    1,    1,    1,138.63, 41.97, 41.79,  0.19
   55,    1,    1,    1,132.51, 41.96, 41.79,  0.17
   55,    1,    1,    1,127.23, 41.95, 41.79,  0.16
   55,    1,    1,    1,121.97, 41.93, 41.79,  0.15
   55,    1,    1,    1,117.44, 41.92, 41.79,  0.14
   55,    1,    1,    1,112.93, 41.91, 41.79,  0.13
   55,    1,    1,    1,109.04, 41.90, 41.79,  0.12
   55,    1,    1,    1,105.16, 41.89, 41.79,  0.11
   55,    1,    1,    1,101.82, 41.89, 41.79,  0.10
   55,    1,    1,    1, 98.49, 41.88, 41.79,  0.09
   55,    1,    1,    1, 95.62, 41.87, 41.79,  0.09
   55,    1,    1,    1, 92.76, 41.87, 41.79,  0.08
   55,    1,    1,    1, 90.29, 41.86, 41.79,  0.07
   55,    1,    1,    1, 87.84, 41.85, 41.79,  0.07
   55,    1,    1,    1, 85.72, 41.85, 41.79,  0.06
   55,    1,    1,    1, 83.61, 41.85, 41.79,  0.06
   55,    1,    1,    1, 81.79, 41.84, 41.79,  0.05
   55,    1,    1,    1, 79.98, 41.84, 41.79,  0.05
   55,    1,    1,    1, 78.42, 41.83, 41.79,  0.05
   55,    1,    1,    1, 76.87, 41.83, 41.79,  0.04
   55,    1,    1,    1, 75.52, 41.83, 41.79,  0.04
   55,    1,    1,    1, 74.19, 41.82, 41.79,  0.04
   55,    1,    1,    1, 73.04, 41.82, 41.79,  0.03
   55,    1,    1,    1, 71.89, 41.82, 41.79,  0.03
   55,    1,    1,    1, 70.90, 41.82, 41.79,  0.03
   55,    1,    1,    1, 69.92, 41.81, 41.79,  0.03
   55,    1,    1,    1, 69.07, 41.81, 41.79,  0.03
   55,    1,    1,    1, 68.22, 41.81, 41.79,  0.02
   55,    1,    1,    1, 67.49, 41.81, 41.79,  0.02
   55,    1,    1,    1, 66.76, 41.81, 41.79,  0.02
   55,    1,    1,    1, 66.14, 41.81, 41.79,  0.02
   55,    1,    1,    1, 65.51, 41.80, 41.79,  0.02
   55,    1,    1,    1, 64.98, 41.80, 41.79,  0.02
   55,    1,    1,    1, 64.44, 41.80, 41.79,  0.02
   55,    1,    1,    1, 63.98, 41.80, 41.79,  0.01
   55,    1,    1,    1, 63.52, 41.80, 41.79,  0.01
   55,    1,    1,    1, 63.12, 41.80, 41.79,  0.01
   55,    1,    1,    1, 62.73, 41.80, 41.79,  0.01
   55,    1,    1,    1, 62.39, 41.80, 41.79,  0.01
   55,    1,    1,    1, 62.05, 41.80, 41.79,  0.01
   55,    1,    1,    1, 61.75, 41.79, 41.79,  0.01
   56,    1,    1,    1,200.00, 42.11, 40.45,  1.66
   56,    1,    1,    1, 33.79, 41.73, 40.45,  1.28
   59,    1,    1,    1,200.00, 41.12, 40.73,  0.40
   59,    1,    1,    1,160.25, 41.05, 40.73,  0.32
   59,    1,    1,    1,149.55, 41.03, 40.73,  0.30
   59,    1,    1,    1,140.17, 41.01, 40.73,  0.29
   59,    1,    1,    1,130.68, 41.00, 40.73,  0.27
   59,    1,    1,    1,122.36, 40.98, 40.73,  0.25
   59,    1,    1,    1,113.96, 40.97, 40.73,  0.24
   59,    1,    1,    1,106.59, 40.95, 40.73,  0.23
   59,    1,    1,    1, 99.14, 40.94, 40.73,  0.21
   59,    1,    1,    1, 92.61, 40.93, 40.73,  0.20
   59,    1,    1,    1, 86.01, 40.92, 40.73,  0.19
   59,    1,    1,    1, 80.22, 40.90, 40.73,  0.18
   59,    1,    1,    1, 74.37, 40.89, 40.73,  0.17
   59,    1,    1,    1, 69.24, 40.88, 40.73,  0.16
   59,    1,    1,    1, 64.05, 40.87, 40.73,  0.15
   59,    1,    1,    1, 59.51, 40.87, 40.73,  0.14
   59,    1,    1,    1, 54.92, 40.86, 40.73,  0.13
   59,    1,    1,    1, 50.89, 40.85, 40.73,  0.12
   59,    1,    1,    1, 46.82, 40.84, 40.73,  0.12
   59,    1,    1,    1, 43.25, 40.84, 40.73,  0.11
   59,    1,    1,    1, 39.64, 40.83, 40.73,  0.10
   59,    1,    1,    1, 36.48, 40.82, 40.73,  0.10
   59,    1,    1,    1, 33.28, 40.82, 40.73,  0.09
   59,    1,    1,    1, 30.48, 40.81, 40.73,  0.09
   59,    1,    1,    1, 27.64, 40.81, 40.73,  0.08
   59,    1,    1,    1, 25.16, 40.80, 40.73,  0.08
   59,    1,    1,    1, 22.65, 40.80, 40.73,  0.07
   59,    1,    1,    1, 20.45, 40.79, 40.73,  0.07
   59,    1,    1,    1, 18.22, 40.79, 40.73,  0.06
   59,    1,    1,    1, 16.27, 40.79, 40.73,  0.06
   59,    1,    1,    1, 14.30, 40.78, 40.73,  0.06
   59,    1,    1,    1, 12.57, 40.78, 40.73,  0.05
   59,    1,    1,    1, 10.82, 40.78, 40.73,  0.05
   59,    1,    1,    1,  9.29, 40.77, 40.73,  0.05
   59,    1,    1,    1,  7.74, 40.77, 40.73,  0.04
   59,    1,    1,    1,  6.39, 40.77, 40.73,  0.04
   59,    1,    1,    1,  5.01, 40.77, 40.73,  0.04
   59,    1,    1,    1,  3.81, 40.76, 40.73,  0.04
   59,    1,    1,    1,  2.59, 40.76, 40.73,  0.03
   59,    1,    1,    1,  1.53, 40.76, 40.73,  0.03
   59,    1,    1,    1,  0.45, 40.76, 40.73,  0.03
   60,    1,    1,    1,200.00, 50.45, 38.05, 12.39
   63,    1,    1,    1,200.00, 40.57, 37.79,  2.78
   64,    1,    1,    1,200.00, 40.57, 34.73,  5.83
   65,    1,    1,    1,200.00, 40.57, 33.20,  7.36
   67,    1,    1,    1,200.00, 37.27, 35.06,  2.22
   68,    1,    1,    1,200.00, 37.27, 33.63,  3.65
   70,    1,    1,    1,200.00, 35.63, 35.30,  0.33
   70,    1,    1,    1,167.35, 35.55, 35.30,  0.25
   70,    1,    1,    1,159.06, 35.53, 35.30,  0.23
   70,    1,    1,    1,151.90, 35.52, 35.30,  0.22
   70,    1,    1,    1,144.77, 35.50, 35.30,  0.20
   70,    1,    1,    1,138.63, 35.49, 35.30,  0.19
   70,    1,    1,    1,132.51, 35.47, 35.30,  0.17
   70,    1,    1,    1,127.23, 35.46, 35.30,  0.16
   70,    1,    1,    1,121.97, 35.45, 35.30,  0.15
   70,    1,    1,    1,117.44, 35.44, 35.30,  0.14
   70,    1,    1,    1,112.93, 35.43, 35.30,  0.13
   70,    1,    1,    1,109.04, 35.42, 35.30,  0.12
   70,    1,    1,    1,105.16, 35.41, 35.30,  0.11
   70,    1,    1,    1,101.82, 35.40, 35.30,  0.10
   70,    1,    1,    1, 98.49, 35.39, 35.30,  0.09
   70,    1,    1,    1, 95.62, 35.39, 35.30,  0.09
   70,    1,    1,    1, 92.76, 35.38, 35.30,  0.08
   70,    1,    1,    1, 90.29, 35.37, 35.30,  0.07
   70,    1,    1,    1, 87.84, 35.37, 35.30,  0.07
   70,    1,    1,    1, 85.72, 35.36, 35.30,  0.06
   70,    1,    1,    1, 83.61, 35.36, 35.30,  0.06
   70,    1,    1,    1, 81.79, 35.35, 35.30,  0.05
   70,    1,    1,    1, 79.98, 35.35, 35.30,  0.05
   70,    1,    1,    1, 78.42, 35.35, 35.30,  0.05
   70,    1,    1,    1, 76.87, 35.34, 35.30,  0.04
   70,    1,    1,    1, 75.52, 35.34, 35.30,  0.04
   70,    1,    1,    1, 74.19, 35.34, 35.30,  0.04
   70,    1,    1,    1, 73.04, 35.33, 35.30,  0.03
   70,    1,    1,    1, 71.89, 35.33, 35.30,  0.03
   70,    1,    1,    1, 70.90, 35.33, 35.30,  0.03
   70,    1,    1,    1, 69.92, 35.33, 35.30,  0.03
   70,    1,    1,    1, 69.07, 35.33, 35.30,  0.03
   70,    1,    1,    1, 68.22, 35.32, 35.30,  0.02
   70,    1,    1,    1, 67.49, 35.32, 35.30,  0.02
   70,    1,    1,    1, 66.76, 35.32, 35.30,  0.02
   70,    1,    1,    1, 66.14, 35.32, 35.30,  0.02
   70,    1,    1,    1, 65.51, 35.32, 35.30,  0.02
   70,    1,    1,    1, 64.98, 35.32, 35.30,  0.02
   70,    1,    1,    1, 64.44, 35.31, 35.30,  0.02
   70,    1,    1,    1, 63.98, 35.31, 35.30,  0.01
   70,    1,    1,    1, 63.52, 35.31, 35.30,  0.01
   70,    1,    1,    1, 63.12, 35.31, 35.30,  0.01
   70,    1,    1,    1, 62.73, 35.31, 35.30,  0.01
   70,    1,    1,    1, 62.39, 35.31, 35.30,  0.01
   70,    1,    1,    1, 62.05, 35.31, 35.30,  0.01
   70,    1,    1,    1, 61.75, 35.31, 35.30,  0.01
   71,    1,    1,    1,200.00, 35.63, 33.96,  1.66
   71,    1,    1,    1, 33.79, 35.24, 33.96,  1.28
   74,    1,    1,    1,200.00, 48.28, 35.89, 12.39
   77,    1,    1,    1,200.00, 38.40, 35.62,  2.78
   78,    1,    1,    1,200.00, 38.40, 32.57,  5.83
   79,    1,    1,    1,200.00, 38.40, 31.04,  7.36
   81,    1,    1,    1,200.00, 35.11, 32.89,  2.22
   82,    1,    1,    1,200.00, 35.11, 31.46,  3.65
   84,    1,    1,    1,200.00, 33.46, 33.14,  0.33
   84,    1,    1,    1,167.35, 33.39, 33.14,  0.25
   84,    1,    1,    1,159.06, 33.37, 33.14,  0.23
   84,    1,    1,    1,151.90, 33.35, 33.14,  0.22
   84,    1,    1,    1,144.77, 33.34, 33.14,  0.20
   84,    1,    1,    1,138.63, 33.32, 33.14,  0.19
   84,    1,    1,    1,132.51, 33.31, 33.14,  0.17
   84,    1,    1,    1,127.23, 33.30, 33.14,  0.16
   84,    1,    1,    1,121.97, 33.28, 33.14,  0.15
   84,    1,    1,    1,117.44, 33.27, 33.14,  0.14
   84,    1,    1,    1,112.93, 33.26, 33.14,  0.13
   84,    1,    1,    1,109.04, 33.25, 33.14,  0.12
   84,    1,    1,    1,105.16, 33.25, 33.14,  0.11
   84,    1,    1,    1,101.82, 33.24, 33.14,  0.10
   84,    1,    1,    1, 98.49, 33.23, 33.14,  0.09
   84,    1,    1,    1, 95.62, 33.22, 33.14,  0.09
   84,    1,    1,    1, 92.76, 33.22, 33.14,  0.08
   84,    1,    1,    1, 90.29, 33.21, 33.14,  0.07
   84,    1,    1,    1, 87.84, 33.21, 33.14,  0.07
   84,    1,    1,    1, 85.72, 33.20, 33.14,  0.06
   84,    1,    1,    1, 83.61, 33.20, 33.14,  0.06
   84,    1,    1,    1, 81.79, 33.19, 33.14,  0.05
   84,    1,    1,    1, 79.98, 33.19, 33.14,  0.05
   84,    1,    1,    1, 78.42, 33.18, 33.14,  0.05
   84,    1,    1,    1, 76.87, 33.18, 33.14,  0.04
   84,    1,    1,    1, 75.52, 33.18, 33.14,  0.04
   84,    1,    1,    1, 74.19, 33.17, 33.14,  0.04
   84,    1,    1,    1, 73.04, 33.17, 33.14,  0.03
   84,    1,    1,    1, 71.89, 33.17, 33.14,  0.03
   84,    1,    1,    1, 70.90, 33.17, 33.14,  0.03
   84,    1,    1,    1, 69.92, 33.17, 33.14,  0.03
   84,    1,    1,    1, 69.07, 33.16, 33.14,  0.03
   84,    1,    1,    1, 68.22, 33.16, 33.14,  0.02
   84,    1,    1,    1, 67.49, 33.16, 33.14,  0.02
   84,    1,    1,    1, 66.76, 33.16, 33.14,  0.02
   84,    1,    1,    1, 66.14, 33.16, 33.14,  0.02
   84,    1,    1,    1, 65.51, 33.15, 33.14,  0.02
   84,    1,    1,    1, 64.98, 33.15, 33.14,  0.02
   84,    1,    1,    1, 64.44, 33.15, 33.14,  0.02
   84,    1,    1,    1, 63.98, 33.15, 33.14,  0.01
   84,    1,    1,    1, 63.52, 33.15, 33.14,  0.01
   84,    1,    1,    1, 63.12, 33.15, 33.14,  0.01
   84,    1,    1,    1, 62.73, 33.15, 33.14,  0.01
   84,    1,    1,    1, 62.39, 33.15, 33.14,  0.01
   84,    1,    1,    1, 62.05, 33.15, 33.14,  0.01
   84,    1,    1,    1, 61.75, 33.15, 33.14,  0.01
   86,    1,    1,    1,200.00, 56.93, 44.54, 12.39
   87,    2,    1,    1,200.00, 40.76, 37.46,  3.30
   88,    2,    1,    1,200.00, 39.14, 37.46,  1.68
   88,    3,    1,    1,167.76, 38.30, 37.83,  0.47
   88,    3,    1,    1,157.51, 38.25, 37.91,  0.34
   88,    3,    1,    1,155.08, 38.24, 37.93,  0.31
   88,    3,    1,    1,152.90, 38.22, 37.95,  0.28
   88,    3,    1,    1,150.89, 38.21, 37.96,  0.25
   88,    3,    1,    1,149.10, 38.21, 37.98,  0.23
   88,    3,    1,    1,147.44, 38.20, 37.99,  0.21
   88,    3,    1,    1,145.96, 38.19, 38.00,  0.19
   88,    3,    1,    1,144.59, 38.18, 38.01,  0.17
   88,    3,    1,    1,143.37, 38.18, 38.02,  0.16
   88,    3,    1,    1,142.24, 38.17, 38.03,  0.14
   88,    3,    1,    1,141.23, 38.17, 38.04,  0.13
   88,    3,    1,    1,140.30, 38.16, 38.04,  0.12
   88,    3,    1,    1,139.47, 38.16, 38.05,  0.11
   88,    3,    1,    1,138.70, 38.15, 38.06,  0.10
   88,    3,    1,    1,138.01, 38.15, 38.06,  0.09
   88,    3,    1,    1,137.37, 38.15, 38.07,  0.08
   88,    3,    1,    1,136.81, 38.14, 38.07,  0.07
   88,    3,    1,    1,136.28, 38.14, 38.08,  0.07
   88,    3,    1,    1,135.82, 38.14, 38.08,  0.06
   88,    3,    1,    1,135.38, 38.14, 38.08,  0.05
   88,    3,    1,    1,135.00, 38.14, 38.09,  0.05
   88,    3,    1,    1,134.64, 38.13, 38.09,  0.04
   88,    3,    1,    1,134.32, 38.13, 38.09,  0.04
   88,    3,    1,    1,134.03, 38.13, 38.09,  0.04
   88,    3,    1,    1,133.76, 38.13, 38.10,  0.03
   88,    3,    1,    1,133.52, 38.13, 38.10,  0.03
   88,    3,    1,    1,133.30, 38.13, 38.10,  0.03
   88,    3,    1,    1,133.10, 38.13, 38.10,  0.03
   88,    3,    1,    1,132.92, 38.12, 38.10,  0.02
   88,    3,    1,    1,132.76, 38.12, 38.10,  0.02
   88,    3,    1,    1,132.61, 38.12, 38.10,  0.02
   88,    3,    1,    1,132.47, 38.12, 38.11,  0.02
   88,    3,    1,    1,132.35, 38.12, 38.11,  0.02
   88,    3,    1,    1,132.24, 38.12, 38.11,  0.01
   88,    3,    1,    1,132.14, 38.12, 38.11,  0.01
   88,    3,    1,    1,132.04, 38.12, 38.11,  0.01
   88,    3,    1,    1,131.96, 38.12, 38.11,  0.01
   88,    3,    1,    1,131.88, 38.12, 38.11,  0.01
   88,    3,    1,    1,131.81, 38.12, 38.11,  0.01
   89,    1,    1,    1,200.00, 47.05, 44.27,  2.78
   90,    1,    1,    1,200.00, 47.05, 41.22,  5.83
   91,    1,    1,    1,200.00, 47.05, 39.69,  7.36
   91,    3,    1,    1,200.00, 38.46, 38.16,  0.30
   91,    3,    1,    1,193.76, 38.43, 38.21,  0.22
   91,    3,    1,    1,192.24, 38.42, 38.22,  0.20
   91,    3,    1,    1,190.89, 38.41, 38.23,  0.19
   91,    3,    1,    1,189.62, 38.41, 38.24,  0.17
   91,    3,    1,    1,188.49, 38.40, 38.25,  0.16
   91,    3,    1,    1,187.43, 38.40, 38.25,  0.14
   91,    3,    1,    1,186.48, 38.39, 38.26,  0.13
   91,    3,    1,    1,185.59, 38.39, 38.27,  0.12
   91,    3,    1,    1,184.80, 38.38, 38.27,  0.11
   91,    3,    1,    1,184.05, 38.38, 38.28,  0.10
   91,    3,    1,    1,183.39, 38.38, 38.29,  0.09
   91,    3,    1,    1,182.77, 38.37, 38.29,  0.08
   91,    3,    1,    1,182.21, 38.37, 38.29,  0.08
   91,    3,    1,    1,181.69, 38.37, 38.30,  0.07
   91,    3,    1,    1,181.23, 38.37, 38.30,  0.06
   91,    3,    1,    1,180.79, 38.36, 38.31,  0.06
   91,    3,    1,    1,180.40, 38.36, 38.31,  0.05
   91,    3,    1,    1,180.04, 38.36, 38.31,  0.05
   91,    3,    1,    1,179.71, 38.36, 38.31,  0.04
   91,    3,    1,    1,179.41, 38.36, 38.32,  0.04
   91,    3,    1,    1,179.14, 38.36, 38.32,  0.04
   91,    3,    1,    1,178.88, 38.35, 38.32,  0.03
   91,    3,    1,    1,178.65, 38.35, 38.32,  0.03
   91,    3,    1,    1,178.44, 38.35, 38.32,  0.03
   91,    3,    1,    1,178.25, 38.35, 38.32,  0.03
   91,    3,    1,    1,178.07, 38.35, 38.33,  0.02
   91,    3,    1,    1,177.91, 38.35, 38.33,  0.02
   91,    3,    1,    1,177.76, 38.35, 38.33,  0.02
   91,    3,    1,    1,177.63, 38.35, 38.33,  0.02
   91,    3,    1,    1,177.50, 38.35, 38.33,  0.02
   91,    3,    1,    1,177.39, 38.35, 38.33,  0.02
   91,    3,    1,    1,177.29, 38.35, 38.33,  0.01
   91,    3,    1,    1,177.19, 38.35, 38.33,  0.01
   91,    3,    1,    1,177.10, 38.35, 38.33,  0.01
   91,    3,    1,    1,177.03, 38.34, 38.33,  0.01
   91,    3,    1,    1,176.95, 38.34, 38.33,  0.01
   91,    3,    1,    1,176.89, 38.34, 38.33,  0.01
   93,    1,    1,    1,200.00, 43.76, 41.54,  2.22
   94,    1,    1,    1,200.00, 43.76, 40.11,  3.65
   96,    1,    1,    1,200.00, 42.11, 41.79,  0.33
   96,    1,    1,    1,167.35, 42.04, 41.79,  0.25
   96,    1,    1,    1,159.06, 42.02, 41.79,  0.23
   96,    1,    1,    1,151.90, 42.00, 41.79,  0.22
   96,    1,    1,    1,144.77, 41.99, 41.79,  0.20
   96,    1,    1,    1,138.63, 41.97, 41.79,  0.19
   96,    1,    1,    1,132.51, 41.96, 41.79,  0.17
   96,    1,    1,    1,127.23, 41.95, 41.79,  0.16
   96,    1,    1,    1,121.97, 41.93, 41.79,  0.15
   96,    1,    1,    1,117.44, 41.92, 41.79,  0.14
   96,    1,    1,    1,112.93, 41.91, 41.79,  0.13
   96,    1,    1,    1,109.04, 41.90, 41.79,  0.12
   96,    1,    1,    1,105.16, 41.89, 41.79,  0.11
   96,    1,    1,    1,101.82, 41.89, 41.79,  0.10
   96,    1,    1,    1, 98.49, 41.88, 41.79,  0.09
   96,    1,    1,    1, 95.62, 41.87, 41.79,  0.09
   96,    1,    1,    1, 92.76, 41.87, 41.79,  0.08
   96,    1,    1,    1, 90.29, 41.86, 41.79,  0.07
   96,    1,    1,    1, 87.84, 41.85, 41.79,  0.07
   96,    1,    1,    1, 85.72, 41.85, 41.79,  0.06
   96,    1,    1,    1, 83.61, 41.85, 41.79,  0.06
   96,    1,    1,    1, 81.79, 41.84, 41.79,  0.05
   96,    1,    1,    1, 79.98, 41.84, 41.79,  0.05
   96,    1,    1,    1, 78.42, 41.83, 41.79,  0.05
   96,    1,    1,    1, 76.87, 41.83, 41.79,  0.04
   96,    1,    1,    1, 75.52, 41.83, 41.79,  0.04
   96,    1,    1,    1, 74.19, 41.82, 41.79,  0.04
   96,    1,    1,    1, 73.04, 41.82, 41.79,  0.03
   96,    1,    1,    1, 71.89, 41.82, 41.79,  0.03
   96,    1,    1,    1, 70.90, 41.82, 41.79,  0.03
   96,    1,    1,    1, 69.92, 41.81, 41.79,  0.03
   96,    1,    1,    1, 69.07, 41.81, 41.79,  0.03
   96,    1,    1,    1, 68.22, 41.81, 41.79,  0.02
   96,    1,    1,    1, 67.49, 41.81, 41.79,  0.02
   96,    1,    1,    1, 66.76, 41.81, 41.79,  0.02
   96,    1,    1,    1, 66.14, 41.81, 41.79,  0.02
   96,    1,    1,    1, 65.51, 41.80, 41.79,  0.02
   96,    1,    1,    1, 64.98, 41.80, 41.79,  0.02
   96,    1,    1,    1, 64.44, 41.80, 41.79,  0.02
   96,    1,    1,    1, 63.98, 41.80, 41.79,  0.01
   96,    1,    1,    1, 63.52, 41.80, 41.79,  0.01
   96,    1,    1,    1, 63.12, 41.80, 41.79,  0.01
   96,    1,    1,    1, 62.73, 41.80, 41.79,  0.01
   96,    1,    1,    1, 62.39, 41.80, 41.79,  0.01
   96,    1,    1,    1, 62.05, 41.80, 41.79,  0.01
   96,    1,    1,    1, 61.75, 41.79, 41.79,  0.01
   96,    2,    1,    1, 26.46, 40.46, 38.33,  2.13
   96,    2,    1,    1,  3.24, 40.28, 38.44,  1.84
   97,    1,    1,    1,200.00, 42.11, 40.45,  1.66
   97,    1,    1,    1, 33.79, 41.73, 40.45,  1.28
   97,    2,    1,    1,101.42, 39.72, 37.95,  1.77
   97,    2,    1,    1, 82.19, 39.58, 38.05,  1.53
   97,    2,    1,    1, 65.40, 39.45, 38.13,  1.32
   97,    2,    1,    1, 51.04, 39.35, 38.20,  1.14
   97,    2,    1,    1, 38.49, 39.25, 38.27,  0.99
   97,    2,    1,    1, 27.76, 39.17, 38.32,  0.85
   97,    2,    1,    1, 18.39, 39.10, 38.37,  0.74
   97,    2,    1,    1, 10.36, 39.04, 38.41,  0.64
   97,    2,    1,    1,  3.36, 38.99, 38.44,  0.55
  100,    1,    1,    1,200.00, 50.45, 38.05, 12.39
  100,    3,    1,    1, 59.11, 37.76, 37.68,  0.08
  100,    3,    1,    1, 57.15, 37.75, 37.69,  0.06
  100,    3,    1,    1, 56.69, 37.75, 37.70,  0.05
  100,    3,    1,    1, 56.27, 37.74, 37.70,  0.05
  100,    3,    1,    1, 55.89, 37.74, 37.70,  0.04
  100,    3,    1,    1, 55.55, 37.74, 37.70,  0.04
  100,    3,    1,    1, 55.24, 37.74, 37.70,  0.03
  100,    3,    1,    1, 54.96, 37.74, 37.71,  0.03
  100,    3,    1,    1, 54.71, 37.74, 37.71,  0.03
  100,    3,    1,    1, 54.48, 37.73, 37.71,  0.03
  100,    3,    1,    1, 54.27, 37.73, 37.71,  0.02
  100,    3,    1,    1, 54.08, 37.73, 37.71,  0.02
  100,    3,    1,    1, 53.91, 37.73, 37.71,  0.02
  100,    3,    1,    1, 53.75, 37.73, 37.71,  0.02
  100,    3,    1,    1, 53.61, 37.73, 37.71,  0.02
  100,    3,    1,    1, 53.48, 37.73, 37.72,  0.01
  100,    3,    1,    1, 53.37, 37.73, 37.72,  0.01
  100,    3,    1,    1, 53.26, 37.73, 37.72,  0.01
  100,    3,    1,    1, 53.17, 37.73, 37.72,  0.01
  100,    3,    1,    1, 53.08, 37.73, 37.72,  0.01
  103,    1,    1,    1,200.00, 40.57, 37.79,  2.78
  103,    3,    1,    1, 32.25, 37.62, 37.61,  0.02
  103,    3,    1,    1, 31.77, 37.62, 37.61,  0.01
  103,    3,    1,    1, 31.66, 37.62, 37.61,  0.01
  103,    3,    1,    1, 31.56, 37.62, 37.61,  0.01
  103,    3,    1,    1, 31.47, 37.62, 37.61,  0.01
  103,    3,    1,    1, 31.39, 37.62, 37.61,  0.01
  104,    1,    1,    1,200.00, 40.57, 34.73,  5.83
  105,    1,    1,    1,200.00, 40.57, 33.20,  7.36
  107,    1,    1,    1,200.00, 37.27, 35.06,  2.22
  108,    1,    1,    1,200.00, 37.27, 33.63,  3.65
  110,    1,    1,    1,200.00, 35.63, 35.30,  0.33
  110,    1,    1,    1,167.35, 35.55, 35.30,  0.25
  110,    1,    1,    1,159.06, 35.53, 35.30,  0.23
  110,    1,    1,    1,151.90, 35.52, 35.30,  0.22
  110,    1,    1,    1,144.77, 35.50, 35.30,  0.20
  110,    1,    1,    1,138.63, 35.49, 35.30,  0.19
  110,    1,    1,    1,132.51, 35.47, 35.30,  0.17
  110,    1,    1,    1,127.23, 35.46, 35.30,  0.16
  110,    1,    1,    1,121.97, 35.45, 35.30,  0.15
  110,    1,    1,    1,117.44, 35.44, 35.30,  0.14
  110,    1,    1,    1,112.93, 35.43, 35.30,  0.13
  110,    1,    1,    1,109.04, 35.42, 35.30,  0.12
  110,    1,    1,    1,105.16, 35.41, 35.30,  0.11
  110,    1,    1,    1,101.82, 35.40, 35.30,  0.10
  110,    1,    1,    1, 98.49, 35.39, 35.30,  0.09
  110,    1,    1,    1, 95.62, 35.39, 35.30,  0.09
  110,    1,    1,    1, 92.76, 35.38, 35.30,  0.08
  110,    1,    1,    1, 90.29, 35.37, 35.30,  0.07
  110,    1,    1,    1, 87.84, 35.37, 35.30,  0.07
  110,    1,    1,    1, 85.72, 35.36, 35.30,  0.06
  110,    1,    1,    1, 83.61, 35.36, 35.30,  0.06
  110,    1,    1,    1, 81.79, 35.35, 35.30,  0.05
  110,    1,    1,    1, 79.98, 35.35, 35.30,  0.05
  110,    1,    1,    1, 78.42, 35.35, 35.30,  0.05
  110,    1,    1,    1, 76.87, 35.34, 35.30,  0.04
  110,    1,    1,    1, 75.52, 35.34, 35.30,  0.04
  110,    1,    1,    1, 74.19, 35.34, 35.30,  0.04
  110,    1,    1,    1, 73.04, 35.33, 35.30,  0.03
  110,    1,    1,    1, 71.89, 35.33, 35.30,  0.03
  110,    1,    1,    1, 70.90, 35.33, 35.30,  0.03
  110,    1,    1,    1, 69.92, 35.33, 35.30,  0.03
  110,    1,    1,    1, 69.07, 35.33, 35.30,  0.03
  110,    1,    1,    1, 68.22, 35.32, 35.30,  0.02
  110,    1,    1,    1, 67.49, 35.32, 35.30,  0.02
  110,    1,    1,    1, 66.76, 35.32, 35.30,  0.02
  110,    1,    1,    1, 66.14, 35.32, 35.30,  0.02
  110,    1,    1,    1, 65.51, 35.32, 35.30,  0.02
  110,    1,    1,    1, 64.98, 35.32, 35.30,  0.02
  110,    1,    1,    1, 64.44, 35.31, 35.30,  0.02
  110,    1,    1,    1, 63.98, 35.31, 35.30,  0.01
  110,    1,    1,    1, 63.52, 35.31, 35.30,  0.01
  110,    1,    1,    1, 63.12, 35.31, 35.30,  0.01
  110,    1,    1,    1, 62.73, 35.31, 35.30,  0.01
  110,    1,    1,    1, 62.39, 35.31, 35.30,  0.01
  110,    1,    1,    1, 62.05, 35.31, 35.30,  0.01
  110,    1,    1,    1, 61.75, 35.31, 35.30,  0.01
  112,    1,    1,    1,200.00, 48.28, 35.89, 12.39
  115,    1,    1,    1,200.00, 38.40, 35.62,  2.78
  116,    1,    1,    1,200.00, 38.40, 32.57,  5.83
  117,    1,    1,    1,200.00, 38.40, 31.04,  7.36
  119,    1,    1,    1,200.00, 35.11, 32.89,  2.22
  121,    1,    1,    1,200.00, 56.93, 44.54, 12.39
  122,    2,    1,    1,200.00, 40.76, 35.22,  5.54
  123,    2,    1,    1,200.00, 39.14, 35.22,  3.92
  124,    1,    1,    1,200.00, 47.05, 44.27,  2.78
  125,    1,    1,    1,200.00, 47.05, 41.22,  5.83
  126,    1,    1,    1,200.00, 47.05, 39.69,  7.36
  128,    1,    1,    1,200.00, 43.76, 41.54,  2.22
  129,    1,    1,    1,200.00, 43.76, 40.11,  3.65
  131,    1,    1,    1,200.00, 42.11, 41.79,  0.33
  131,    1,    1,    1,167.35, 42.04, 41.79,  0.25
  131,    1,    1,    1,159.06, 42.02, 41.79,  0.23
  131,    1,    1,    1,151.90, 42.00, 41.79,  0.22
  131,    1,    1,    1,144.77, 41.99, 41.79,  0.20
  131,    1,    1,    1,138.63, 41.97, 41.79,  0.19
  131,    1,    1,    1,132.51, 41.96, 41.79,  0.17
  131,    1,    1,    1,127.23, 41.95, 41.79,  0.16
  131,    1,    1,    1,121.97, 41.93, 41.79,  0.15
  131,    1,    1,    1,117.44, 41.92, 41.79,  0.14
  131,    1,    1,    1,112.93, 41.91, 41.79,  0.13
  131,    1,    1,    1,109.04, 41.90, 41.79,  0.12
  131,    1,    1,    1,105.16, 41.89, 41.79,  0.11
  131,    1,    1,    1,101.82, 41.89, 41.79,  0.10
  131,    1,    1,    1, 98.49, 41.88, 41.79,  0.09
  131,    1,    1,    1, 95.62, 41.87, 41.79,  0.09
  131,    1,    1,    1, 92.76, 41.87, 41.79,  0.08
  131,    1,    1,    1, 90.29, 41.86, 41.79,  0.07
  131,    1,    1,    1, 87.84, 41.85, 41.79,  0.07
  131,    1,    1,    1, 85.72, 41.85, 41.79,  0.06
  131,    1,    1,    1, 83.61, 41.85, 41.79,  0.06
  131,    1,    1,    1, 81.79, 41.84, 41.79,  0.05
  131,    1,    1,    1, 79.98, 41.84, 41.79,  0.05
  131,    1,    1,    1, 78.42, 41.83, 41.79,  0.05
  131,    1,    1,    1, 76.87, 41.83, 41.79,  0.04
  131,    1,    1,    1, 75.52, 41.83, 41.79,  0.04
  131,    1,    1,    1, 74.19, 41.82, 41.79,  0.04
  131,    1,    1,    1, 73.04, 41.82, 41.79,  0.03
  131,    1,    1,    1, 71.89, 41.82, 41.79,  0.03
  131,    1,    1,    1, 70.90, 41.82, 41.79,  0.03
  131,    1,    1,    1, 69.92, 41.81, 41.79,  0.03
  131,    1,    1,    1, 69.07, 41.81, 41.79,  0.03
  131,    1,    1,    1, 68.22, 41.81, 41.79,  0.02
  131,    1,    1,    1, 67.49, 41.81, 41.79,  0.02
  131,    1,    1,    1, 66.76, 41.81, 41.79,  0.02
  131,    1,    1,    1, 66.14, 41.81, 41.79,  0.02
  131,    1,    1,    1, 65.51, 41.80, 41.79,  0.02
  131,    1,    1,    1, 64.98, 41.80, 41.79,  0.02
  131,    1,    1,    1, 64.44, 41.80, 41.79,  0.02
  131,    1,    1,    1, 63.98, 41.80, 41.79,  0.01
  131,    1,    1,    1, 63.52, 41.80, 41.79,  0.01
  131,    1,    1,    1, 63.12, 41.80, 41.79,  0.01
  131,    1,    1,    1, 62.73, 41.80, 41.79,  0.01
  131,    1,    1,    1, 62.39, 41.80, 41.79,  0.01
  131,    1,    1,    1, 62.05, 41.80, 41.79,  0.01
  131,    1,    1,    1, 61.75, 41.79, 41.79,  0.01
  133,    1,    1,    1,200.00, 50.45, 38.05, 12.39
  136,    1,    1,    1,200.00, 40.57, 37.79,  2.78
  137,    1,    1,    1,200.00, 40.57, 34.73,  5.83
  138,    1,    1,    1,200.00, 40.57, 33.20,  7.36
  140,    1,    1,    1,200.00, 37.27, 35.06,  2.22
  141,    1,    1,    1,159.62, 35.40, 35.37,  0.03
  141,    1,    1,    1,158.83, 35.40, 35.38,  0.02
  141,    1,    1,    1,158.64, 35.40, 35.38,  0.02
  141,    1,    1,    1,158.46, 35.40, 35.38,  0.02
  141,    1,    1,    1,158.30, 35.40, 35.38,  0.02
  141,    1,    1,    1,158.15, 35.39, 35.38,  0.02
  141,    1,    1,    1,158.01, 35.39, 35.38,  0.01
  141,    1,    1,    1,157.89, 35.39, 35.38,  0.01
  141,    1,    1,    1,157.77, 35.39, 35.38,  0.01
  141,    1,    1,    1,157.67, 35.39, 35.38,  0.01
  141,    1,    1,    1,157.57, 35.39, 35.38,  0.01
  141,    1,    1,    1,157.48, 35.39, 35.38,  0.01
  142,    1,    1,    1,200.00, 48.28, 35.89, 12.39
  142,    2,    1,    1,133.03, 35.54, 35.47,  0.07
  142,    2,    1,    1,130.90, 35.53, 35.48,  0.05
  142,    2,    1,    1,130.40, 35.53, 35.48,  0.04
  142,    2,    1,    1,129.95, 35.52, 35.48,  0.04
  142,    2,    1,    1,129.54, 35.52, 35.49,  0.04
  142,    2,    1,    1,129.17, 35.52, 35.49,  0.03
  142,    2,    1,    1,128.82, 35.52, 35.49,  0.03
  142,    2,    1,    1,128.52, 35.52, 35.49,  0.03
  142,    2,    1,    1,128.24, 35.52, 35.49,  0.02
  142,    2,    1,    1,127.99, 35.51, 35.49,  0.02
  142,    2,    1,    1,127.75, 35.51, 35.49,  0.02
  142,    2,    1,    1,127.55, 35.51, 35.49,  0.02
  142,    2,    1,    1,127.35, 35.51, 35.49,  0.02
  142,    2,    1,    1,127.18, 35.51, 35.49,  0.02
  142,    2,    1,    1,127.02, 35.51, 35.49,  0.01
  142,    2,    1,    1,126.88, 35.51, 35.50,  0.01
  142,    2,    1,    1,126.75, 35.51, 35.50,  0.01
  142,    2,    1,    1,126.64, 35.51, 35.50,  0.01
  142,    2,    1,    1,126.53, 35.51, 35.50,  0.01
  142,    2,    1,    1,126.43, 35.51, 35.50,  0.01
  145,    1,    1,    1,200.00, 38.40, 35.62,  2.78
  145,    2,    1,    1,159.89, 35.44, 35.37,  0.07
  145,    2,    1,    1,157.52, 35.43, 35.38,  0.05
  145,    2,    1,    1,156.95, 35.43, 35.38,  0.05
  145,    2,    1,    1,156.44, 35.43, 35.39,  0.04
  145,    2,    1,    1,155.97, 35.43, 35.39,  0.04
  145,    2,    1,    1,155.55, 35.42, 35.39,  0.04
  145,    2,    1,    1,155.15, 35.42, 35.39,  0.03
  145,    2,    1,    1,154.80, 35.42, 35.39,  0.03
  145,    2,    1,    1,154.47, 35.42, 35.39,  0.03
  145,    2,    1,    1,154.18, 35.42, 35.39,  0.02
  145,    2,    1,    1,153.91, 35.42, 35.39,  0.02
  145,    2,    1,    1,153.67, 35.42, 35.40,  0.02
  145,    2,    1,    1,153.44, 35.42, 35.40,  0.02
  145,    2,    1,    1,153.24, 35.41, 35.40,  0.02
  145,    2,    1,    1,153.05, 35.41, 35.40,  0.02
  145,    2,    1,    1,152.88, 35.41, 35.40,  0.01
  145,    2,    1,    1,152.73, 35.41, 35.40,  0.01
  145,    2,    1,    1,152.59, 35.41, 35.40,  0.01
  145,    2,    1,    1,152.46, 35.41, 35.40,  0.01
  145,    2,    1,    1,152.35, 35.41, 35.40,  0.01
  146,    1,    1,    1,200.00, 38.40, 32.57,  5.83
  148,    1,    1,    1,200.00, 56.93, 44.54, 12.39
  149,    2,    1,    1,200.00, 40.76, 33.88,  6.89
  150,    2,    1,    1,200.00, 39.14, 33.88,  5.26
  151,    1,    1,    1,200.00, 47.05, 44.27,  2.78
  152,    1,    1,    1,200.00, 47.05, 41.22,  5.83
  153,    1,    1,    1,200.00, 47.05, 39.69,  7.36
  155,    1,    1,    1,200.00, 43.76, 41.54,  2.22
  157,    1,    1,    1,200.00, 50.45, 38.05, 12.39
  158,    2,    1,    1,200.00, 34.28, 33.88,  0.40
  158,    2,    1,    1,160.08, 34.07, 34.00,  0.08
  158,    2,    1,    1,157.71, 34.06, 34.00,  0.06
  158,    2,    1,    1,157.13, 34.06, 34.01,  0.05
  158,    2,    1,    1,156.61, 34.06, 34.01,  0.05
  158,    2,    1,    1,156.12, 34.05, 34.01,  0.04
  158,    2,    1,    1,155.68, 34.05, 34.01,  0.04
  158,    2,    1,    1,155.26, 34.05, 34.01,  0.04
  158,    2,    1,    1,154.89, 34.05, 34.01,  0.03
  158,    2,    1,    1,154.54, 34.05, 34.01,  0.03
  158,    2,    1,    1,154.23, 34.04, 34.01,  0.03
  158,    2,    1,    1,153.93, 34.04, 34.02,  0.03
  158,    2,    1,    1,153.67, 34.04, 34.02,  0.02
  158,    2,    1,    1,153.42, 34.04, 34.02,  0.02
  158,    2,    1,    1,153.19, 34.04, 34.02,  0.02
  158,    2,    1,    1,152.98, 34.04, 34.02,  0.02
  158,    2,    1,    1,152.80, 34.04, 34.02,  0.02
  158,    2,    1,    1,152.62, 34.04, 34.02,  0.02
  158,    2,    1,    1,152.46, 34.03, 34.02,  0.01
  158,    2,    1,    1,152.31, 34.03, 34.02,  0.01
  158,    2,    1,    1,152.18, 34.03, 34.02,  0.01
  158,    2,    1,    1,152.05, 34.03, 34.02,  0.01
  158,    2,    1,    1,151.94, 34.03, 34.02,  0.01
  158,    2,    1,    1,151.83, 34.03, 34.02,  0.01
  158,    2,    1,    1,151.74, 34.03, 34.02,  0.01
  160,    1,    1,    1,200.00, 40.57, 37.79,  2.78
  161,    1,    1,    1,200.00, 40.57, 34.73,  5.83
  161,    2,    1,    1,114.53, 34.32, 34.13,  0.19
  161,    2,    1,    1,108.26, 34.29, 34.15,  0.14
  161,    2,    1,    1,106.72, 34.29, 34.16,  0.13
  161,    2,    1,    1,105.35, 34.28, 34.16,  0.12
  161,    2,    1,    1,104.06, 34.27, 34.16,  0.11
  161,    2,    1,    1,102.90, 34.27, 34.17,  0.10
  161,    2,    1,    1,101.82, 34.26, 34.17,  0.09
  161,    2,    1,    1,100.85, 34.26, 34.17,  0.08
  161,    2,    1,    1, 99.94, 34.25, 34.18,  0.08
  161,    2,    1,    1, 99.13, 34.25, 34.18,  0.07
  161,    2,    1,    1, 98.36, 34.25, 34.18,  0.06
  161,    2,    1,    1, 97.68, 34.24, 34.18,  0.06
  161,    2,    1,    1, 97.04, 34.24, 34.19,  0.05
  161,    2,    1,    1, 96.46, 34.24, 34.19,  0.05
  161,    2,    1,    1, 95.92, 34.23, 34.19,  0.05
  161,    2,    1,    1, 95.44, 34.23, 34.19,  0.04
  161,    2,    1,    1, 94.99, 34.23, 34.19,  0.04
  161,    2,    1,    1, 94.58, 34.23, 34.19,  0.03
  161,    2,    1,    1, 94.20, 34.23, 34.19,  0.03
  161,    2,    1,    1, 93.86, 34.22, 34.19,  0.03
  161,    2,    1,    1, 93.54, 34.22, 34.20,  0.03
  161,    2,    1,    1, 93.26, 34.22, 34.20,  0.02
  161,    2,    1,    1, 92.99, 34.22, 34.20,  0.02
  161,    2,    1,    1, 92.75, 34.22, 34.20,  0.02
  161,    2,    1,    1, 92.53, 34.22, 34.20,  0.02
  161,    2,    1,    1, 92.32, 34.22, 34.20,  0.02
  161,    2,    1,    1, 92.14, 34.22, 34.20,  0.02
  161,    2,    1,    1, 91.97, 34.22, 34.20,  0.01
  161,    2,    1,    1, 91.81, 34.21, 34.20,  0.01
  161,    2,    1,    1, 91.67, 34.21, 34.20,  0.01
  161,    2,    1,    1, 91.53, 34.21, 34.20,  0.01
  161,    2,    1,    1, 91.41, 34.21, 34.20,  0.01
  161,    2,    1,    1, 91.30, 34.21, 34.20,  0.01
  161,    2,    1,    1, 91.20, 34.21, 34.20,  0.01
  163,    1,    1,    1,200.00, 48.28, 35.89, 12.39
  165,    1,    1,    1,200.00, 38.40, 35.62,  2.78
  165,    2,    1,    1, 25.45, 34.84, 34.40,  0.44
  165,    2,    1,    1, 10.83, 34.78, 34.44,  0.33
  165,    2,    1,    1,  7.19, 34.76, 34.45,  0.31
  165,    2,    1,    1,  3.94, 34.75, 34.46,  0.28
  166,    1,    1,    1,200.00, 56.93, 44.54, 12.39
  167,    2,    1,    1,200.00, 40.76, 32.98,  7.78
  168,    2,    1,    1,200.00, 39.14, 32.98,  6.16
  169,    1,    1,    1,200.00, 47.05, 44.27,  2.78
  170,    1,    1,    1,200.00, 47.05, 41.22,  5.83
  172,    1,    1,    1,200.00, 50.45, 38.05, 12.39
  173,    2,    1,    1,200.00, 34.28, 32.98,  1.30
  173,    2,    1,    1, 70.45, 33.62, 33.30,  0.31
  173,    2,    1,    1, 60.52, 33.57, 33.33,  0.24
  173,    2,    1,    1, 58.03, 33.55, 33.34,  0.22
  173,    2,    1,    1, 55.82, 33.54, 33.34,  0.20
  173,    2,    1,    1, 53.71, 33.53, 33.35,  0.19
  173,    2,    1,    1, 51.84, 33.52, 33.35,  0.17
  173,    2,    1,    1, 50.04, 33.51, 33.35,  0.16
  173,    2,    1,    1, 48.45, 33.50, 33.36,  0.15
  173,    2,    1,    1, 46.92, 33.50, 33.36,  0.13
  173,    2,    1,    1, 45.57, 33.49, 33.37,  0.12
  173,    2,    1,    1, 44.28, 33.48, 33.37,  0.11
  173,    2,    1,    1, 43.13, 33.48, 33.37,  0.10
  173,    2,    1,    1, 42.03, 33.47, 33.37,  0.10
  173,    2,    1,    1, 41.05, 33.47, 33.38,  0.09
  173,    2,    1,    1, 40.11, 33.46, 33.38,  0.08
  173,    2,    1,    1, 39.28, 33.46, 33.38,  0.08
  173,    2,    1,    1, 38.49, 33.45, 33.38,  0.07
  173,    2,    1,    1, 37.79, 33.45, 33.39,  0.06
  173,    2,    1,    1, 37.11, 33.45, 33.39,  0.06
  173,    2,    1,    1, 36.51, 33.44, 33.39,  0.05
  173,    2,    1,    1, 35.94, 33.44, 33.39,  0.05
  173,    2,    1,    1, 35.43, 33.44, 33.39,  0.05
  173,    2,    1,    1, 34.94, 33.44, 33.39,  0.04
  173,    2,    1,    1, 34.51, 33.43, 33.39,  0.04
  173,    2,    1,    1, 34.10, 33.43, 33.39,  0.04
  173,    2,    1,    1, 33.73, 33.43, 33.40,  0.03
  173,    2,    1,    1, 33.38, 33.43, 33.40,  0.03
  173,    2,    1,    1, 33.07, 33.43, 33.40,  0.03
  173,    2,    1,    1, 32.77, 33.42, 33.40,  0.03
  173,    2,    1,    1, 32.50, 33.42, 33.40,  0.02
  173,    2,    1,    1, 32.25, 33.42, 33.40,  0.02
  173,    2,    1,    1, 32.03, 33.42, 33.40,  0.02
  173,    2,    1,    1, 31.81, 33.42, 33.40,  0.02
  173,    2,    1,    1, 31.62, 33.42, 33.40,  0.02
  173,    2,    1,    1, 31.44, 33.42, 33.40,  0.02
  173,    2,    1,    1, 31.27, 33.42, 33.40,  0.01
  173,    2,    1,    1, 31.12, 33.42, 33.40,  0.01
  173,    2,    1,    1, 30.98, 33.41, 33.40,  0.01
  173,    2,    1,    1, 30.85, 33.41, 33.40,  0.01
  173,    2,    1,    1, 30.73, 33.41, 33.40,  0.01
  173,    2,    1,    1, 30.62, 33.41, 33.40,  0.01
  173,    2,    1,    1, 30.52, 33.41, 33.40,  0.01
  174,    1,    1,    1,200.00, 40.57, 37.79,  2.78
  175,    1,    1,    1,200.00, 48.28, 35.89, 12.39
  176,    1,    1,    1,200.00, 56.93, 44.54, 12.39
  177,    2,    1,    1,200.00, 40.76, 32.34,  8.42
  178,    1,    1,    1,200.00, 47.05, 44.27,  2.78
  179,    1,    1,    1,200.00, 50.45, 38.05, 12.39
