          23           4           3          27           0           0
           0           0           0           0
          23           4           3          27           0           0
           0           0           0           0
          23           4           3          27           0           0
           0           0           0           0
          23           4           3          27           0           0
           0           0           0           0
          23           4           3          27           0           0
           0           0           0           0
          23           4           3          27           0           0
           0           0           0           0
          23           4           3          27           0           0
           0           0           0           0
          23           4           3          27           0           0
           0           0           0           0
          23           4           3          27           0           0
           0           0           0           0
          23           4           3          27           0           0
           0           0           0           0
          23           4           3          27           0           0
           0           0           0           0
          23           4           3          27           0           0
           0           0           0           0
          23           4           3          27           0           0
           0           0           0           0
          23           4           3          27           0           0
           0           0           0           0
          23           4           3          27           0           0
           0           0           0           0
          23           4           3          27           0           0
           0           0           0           0
          23           2          28           0           0           0
           0           0           0           0
          23           2          28           0           0           0
           0           0           0           0
          23           2          28           0           0           0
           0           0           0           0
          23           2          28           0           0           0
           0           0           0           0
          23           2          28           0           0           0
           0           0           0           0
          23           2          28           0           0           0
           0           0           0           0
          23           2          28           0           0           0
           0           0           0           0
          23           2          28           0           0           0
           0           0           0           0
          23           2          28           0           0           0
           0           0           0           0
          23           2          28           0           0           0
           0           0           0           0
          23           2          28           0           0           0
           0           0           0           0
          23           2          28           0           0           0
           0           0           0           0
          23           2          28           0           0           0
           0           0           0           0
          23           2          28           0           0           0
           0           0           0           0
          23           2          28           0           0           0
           0           0           0           0
