 seed cycle is           1
 1  5  9  8 16 17 18 23 24  0  7  1
12 14 15  9  8 16 21 28  0  0  6  5
 6  8  5 12 14 25  0  0  0  0  4  2
 7  6  2  3 15 14 24  0  0  0  5  1
 5 15 16 18 23 22 26  0  0  0  5  3
20 15  9  7 16 19 25  0  0  0  5  2
 9  8  7 15 10 13 27  0  0  0  5  4
 6  7  1  4 12 13 19 26  0  0  6  3
 1  5 12 13 19 23 25  0  0  0  5  2
 7  1 11 13 23 22 28  0  0  0  5  5
30 21 12 17 12 12 14 13 12 33
34.90 32.00 31.40 34.40 28.20 34.10 29.70 34.70 30.10 34.70
14.20 10.33  4.40  8.11  4.20  4.26  5.27  4.23  4.47 15.54
63.40 61.00 81.90 62.90 85.70 84.60 79.70 92.20 80.60 63.70
  0.138796147960198       0.138796147960198     
 obj=   6512.00000000000     
  2.000000000000001E-044
