 seed_cycle           1
  1        9430.000
  2        9384.000
  3        9530.000
  4       10246.000
  5       10484.000
  6       10770.000
  7        9570.000
  8        9655.000
  9        9920.000
 10        9886.000
 11        9638.000
 12        9725.000
 13        8492.000
 14        9026.000
 15        8129.000
 16        8615.000
 17        9789.000
 18        9686.000
 19        8317.000
 20       11759.000
 21       11147.000
 22        8485.000
 23       11585.000
 24       10025.000
 25        7920.000
 26       10892.000
 27        9895.000
 28       10422.000
 29        9616.000
 30        7979.000
 31        9680.000
 32        9734.000
 33       10631.000
 34        8575.000
 35        8387.000
 36        7624.000
 37        8084.000
 38       11494.000
 39        9363.000
 40        9718.000
 41        7983.000
 42       10130.000
 43        9152.000
 44        8300.000
 45        9060.000
 46        8926.000
 47        9031.000
 48        7597.000
 49       10002.000
 50       11122.000
 51       10446.000
 52        8943.000
 53        8643.000
 54        9657.000
 55        8772.000
 56       10213.000
 57        9287.000
 58        8043.000
 59       10721.000
 60       10157.000
 61       10323.000
 62        8778.000
 63        8590.000
 64        9868.000
 65        7571.000
 66        8584.000
 67       10565.000
 68        8103.000
 69        9914.000
 70       11644.000
 71        7946.000
 72        9939.000
 73        8505.000
 74        7622.000
 75       11158.000
 76       10734.000
 77        9170.000
 78        9723.000
 79        9051.000
 80       12385.000
 81       11873.000
 82        8114.000
 83       10452.000
 84        8893.000
 85        8956.000
 86        8543.000
 87       10513.000
 88        8362.000
 89        7883.000
 90       11077.000
 91        8865.000
 92        8461.000
 93        7908.000
 94        9309.000
 95       10329.000
 96        7704.000
 97       10983.000
 98        9477.000
 99        8791.000
100        9826.000
101       10257.000
102       11027.000
103        8236.000
104        8511.000
105       10606.000
106       10204.000
107       12231.000
108       10762.000
109       12057.000
110        8491.000
111        9840.000
112       10410.000
113       10012.000
114        7266.000
115       11065.000
116        9461.000
117        9724.000
118        8991.000
119        9172.000
120        7865.000
121        9738.000
122       11348.000
123        9046.000
124        8970.000
125        9882.000
126        9448.000
127        8062.000
128        8918.000
129       11204.000
130       11237.000
131        8937.000
132        7890.000
133       10050.000
134        7545.000
135        8853.000
136        9708.000
137        8055.000
138        9963.000
139       10994.000
140        7707.000
141       10290.000
142        8514.000
143        8922.000
144        9161.000
145        9233.000
146       10489.000
147        9255.000
148        9104.000
149       10161.000
150        8854.000
151       10823.000
152        9149.000
153       10672.000
154        8850.000
155       11034.000
156        9865.000
157        9119.000
158        8422.000
159        9591.000
160        9105.000
161        9722.000
162        8744.000
163        8314.000
164        7252.000
165       10054.000
166        9622.000
167        8680.000
168        9503.000
169        8557.000
170        8871.000
171        8379.000
172        9654.000
173        8819.000
174        9292.000
175       10084.000
176       10772.000
177        9239.000
178        8888.000
179        9896.000
180        9737.000
181       11013.000
182        9300.000
183       10829.000
184        8628.000
185       10763.000
186        9150.000
187       10778.000
188        8468.000
189        8831.000
190       10630.000
191        9410.000
192        8736.000
193        8915.000
194        9808.000
195       10096.000
196        9189.000
197        9611.000
198        8634.000
199        8932.000
200        7240.000
201        8553.000
202        8999.000
203        9207.000
204        8671.000
205        9807.000
206        7308.000
207        9552.000
208        8713.000
209       10581.000
210        9677.000
211        9071.000
212        9635.000
213        9333.000
214        9951.000
215       10776.000
216        6512.000
217       10362.000
218        8571.000
219        8424.000
220       10226.000
221        9266.000
222        9096.000
223        8493.000
224        9557.000
225       12391.000
226       10397.000
227       11123.000
228       12333.000
229        9424.000
230        8971.000
231        8450.000
232        9637.000
233        8686.000
234       10302.000
235        8417.000
236        8339.000
237       11177.000
238        9592.000
239        9099.000
240        9236.000
241        8691.000
242       11416.000
243       10131.000
244        8399.000
245        8304.000
246        9524.000
247       10062.000
248        9087.000
249        8699.000
250       10507.000
251        8637.000
252       10185.000
253        8856.000
254        8712.000
255        9169.000
256       10603.000
257        8654.000
258        8652.000
259       10052.000
260        8703.000
261        9304.000
262        8707.000
263        8244.000
264        8984.000
265        8828.000
266        8437.000
267        7109.000
268       10344.000
269        9628.000
270        8860.000
271       10242.000
272        8904.000
273        8597.000
274        9752.000
275        8364.000
276        8229.000
277        7879.000
278        8558.000
279        9608.000
280        6694.000
281       11344.000
282        9685.000
283        8656.000
284       10706.000
285        8621.000
286        8374.000
287       10370.000
288       10168.000
289       11377.000
290        8574.000
291       10434.000
292        8972.000
293        9972.000
294        8395.000
295        8061.000
296       10419.000
297        8231.000
298       10312.000
299        7848.000
300       10331.000
301       10133.000
302       11289.000
303        8156.000
304        7831.000
305        9364.000
306       11418.000
307       11120.000
308        9852.000
309        8154.000
310        9916.000
311        9467.000
312        8365.000
313       11140.000
314        9739.000
315        9757.000
316       11007.000
317        8232.000
318        9642.000
319        8936.000
320        9298.000
321        8487.000
322       10679.000
323        8706.000
324        9222.000
325       11258.000
326        7760.000
327       10195.000
328        9325.000
329       10666.000
330        8041.000
331       11674.000
332        9741.000
333       10485.000
334       10420.000
335        7705.000
336        9214.000
337        9029.000
338        7771.000
339        9033.000
340       11870.000
341        7839.000
342        7828.000
343        8650.000
344        9081.000
345       11815.000
346        8789.000
347       10369.000
348        9371.000
349        8494.000
350       10732.000
351       11636.000
352        9124.000
353       10905.000
354        9667.000
355        9355.000
356        8587.000
357       10854.000
358        9211.000
359        9267.000
360        7820.000
361       10373.000
362        9257.000
363        9755.000
364       10405.000
365        9935.000
366       10752.000
367        9014.000
368        9368.000
369        9569.000
370        8551.000
371        7458.000
372        9544.000
373        8443.000
374       10309.000
375       10147.000
376        8957.000
377        8533.000
378        8522.000
379        9321.000
380        8974.000
381        8075.000
382        9056.000
383        8951.000
384        7300.000
385        7880.000
386       12081.000
387        8139.000
388        9076.000
389        8527.000
390        9426.000
391        8348.000
392       10083.000
393        8640.000
394        8151.000
395        9899.000
396        9414.000
397        8343.000
398        8303.000
399        8116.000
400        8273.000
401        8149.000
402        7384.000
403       11330.000
404        9244.000
405        9007.000
406        8934.000
407        7013.000
408        9623.000
409       10692.000
410        8214.000
411        8397.000
412        8647.000
413        9946.000
414        9850.000
415        8700.000
416        8530.000
417        9171.000
418       10774.000
419       10326.000
420        9397.000
421       10820.000
422        8907.000
423        7650.000
424       11465.000
425        8490.000
426       10011.000
427       10633.000
428       10421.000
429        8743.000
430        9776.000
431        8436.000
432       10851.000
433        9983.000
434       11588.000
435        9502.000
436        7079.000
437        9377.000
438        8563.000
439        9630.000
440       12129.000
441        9988.000
442       11401.000
443        9064.000
444        9225.000
445        8662.000
446        9821.000
447        9699.000
448        9347.000
449       11062.000
450        7843.000
451       10712.000
452       10413.000
453        9088.000
454       10367.000
455       11635.000
456        9928.000
457        7653.000
458       10407.000
459        7676.000
460        7710.000
461        8535.000
462       10777.000
463        7430.000
464        9361.000
465       10598.000
466        9155.000
467       10759.000
468        7857.000
469        8578.000
470        7847.000
471        9282.000
472        7926.000
473       11210.000
474        9639.000
475        8729.000
476       10183.000
477       10122.000
478       11033.000
479        9964.000
480        9581.000
481       10781.000
482       10335.000
483        9973.000
484       10982.000
485        8959.000
486       11286.000
487       10009.000
488       10182.000
489       10901.000
490        8797.000
491        9748.000
492        8044.000
493        8613.000
494        8539.000
495       10281.000
496       10449.000
497        7567.000
498        9005.000
499        9749.000
500        8078.000
501        8965.000
502        9385.000
503        9215.000
504        9083.000
505       12316.000
506        9407.000
507       11960.000
508        9582.000
509        8332.000
510        9597.000
511        7310.000
512        9501.000
513        7004.000
514        8482.000
515       11168.000
516        9220.000
517        7154.000
518        9337.000
519       10793.000
520        7909.000
521        9247.000
522        7864.000
523        9982.000
524       10640.000
525       10877.000
526        9482.000
527        8428.000
528       10807.000
529        8728.000
530       10604.000
531       10304.000
532       10646.000
533        9829.000
534       10639.000
535        9696.000
536       10659.000
537        9817.000
538       10317.000
539       10582.000
540       10432.000
541       10366.000
542        8521.000
543        8739.000
544       11852.000
545       10768.000
546        8113.000
547        8601.000
548        7044.000
549        9009.000
550        8573.000
551       10057.000
552       10166.000
553        6923.000
554        9766.000
555       10233.000
556        7264.000
557       10394.000
558        9820.000
559        9107.000
560        8822.000
561       10023.000
562       10316.000
563        9068.000
564       10655.000
565        9659.000
566       13169.000
567        9275.000
568        9505.000
569        8905.000
570        9082.000
571        8963.000
572        9353.000
573        8725.000
574       12256.000
575        8799.000
576       10933.000
577        9573.000
578        8262.000
579       12199.000
580        9273.000
581        9764.000
582       11506.000
583       10848.000
584       10224.000
585       11047.000
586       10286.000
587       11025.000
588        8960.000
589       10612.000
590        8411.000
591        9343.000
592        8933.000
593       11162.000
594        9980.000
595        9137.000
596       10627.000
597       10737.000
598       10017.000
599       10511.000
600       10015.000
601       10579.000
602       12443.000
603       11129.000
604        9428.000
605       10895.000
606       10649.000
607        9249.000
608        8245.000
609        9936.000
610        7322.000
611       11349.000
612       11387.000
613        9486.000
614       12021.000
615       10209.000
616        7873.000
617       11769.000
618        8329.000
619        9354.000
620        9090.000
621        8593.000
622        7603.000
623        8610.000
624       10669.000
625        9095.000
626        8917.000
627       12036.000
628        9379.000
629       10928.000
630        7658.000
631       10388.000
632        8242.000
633        8184.000
634        7701.000
635       10613.000
636        9091.000
637       10841.000
638        9842.000
639        8890.000
640        8852.000
641       10695.000
642        7896.000
643        8813.000
644       10949.000
645       10502.000
646       11559.000
647       10985.000
648       10158.000
649        7913.000
650        9037.000
651        8679.000
652       11125.000
653        8617.000
654        7367.000
655       10538.000
656        9584.000
657        8077.000
658       11105.000
659       11273.000
660       10715.000
661       10664.000
662        8091.000
663        7923.000
664        9648.000
665       11069.000
666       10210.000
667        7894.000
668        8039.000
669        7934.000
670        9909.000
671       10971.000
672       10739.000
673        7841.000
674       10091.000
675        7834.000
676        7849.000
677       12390.000
678        8315.000
679       10748.000
680       11152.000
681        9453.000
682        7861.000
683       10730.000
684        7836.000
685       11098.000
686        7779.000
687       11796.000
688        8421.000
