 seed cycle is           1
 node           1
595.00   0.00   0.00   0.00   0.00   0.00   0.00   0.00   0.00   0.00 595.00   0.00   0.00   0.00   0.00   0.00   0.00   0.00   0.00   0.00
  0.00   0.00   0.00   0.00   0.00   0.00   0.00   0.00 372.00   0.00   0.00   0.00   0.00   0.00   0.00   0.00   0.00   0.00 372.00   0.00
  0.00   0.00   0.00   0.00   0.00   0.00   0.00 256.00   0.00   0.00   0.00   0.00   0.00   0.00   0.00   0.00   0.00 256.00   0.00   0.00
 70.92   0.00   0.00   0.00   0.00   0.00   0.00  21.13  22.31  77.64   0.00   0.00   0.00   0.00   0.00   0.00 192.00   0.00   0.00   0.00
  0.00   0.00   0.00   0.00   0.00   0.00   0.00   0.00   0.00 441.00   0.00   0.00   0.00   0.00   0.00   0.00   0.00   0.00   0.00 441.00
 node           2
  0.00   0.00   0.00 167.00   0.00   0.00   0.00   0.00   0.00   0.00   0.00   0.00   0.00 167.00   0.00   0.00   0.00   0.00   0.00   0.00
  0.00   0.00   0.00  99.00   0.00   0.00   0.00   0.00   0.00   0.00   0.00   0.00  33.17   0.00   0.00  32.12   0.00   0.00  33.71   0.00
  0.00   0.00   0.00  97.00   0.00   0.00   0.00   0.00   0.00   0.00   0.00   0.00   0.00   0.00  48.33   0.00   0.00  48.67   0.00   0.00
  0.00   0.00   0.00  46.00   0.00   0.00   0.00   0.00   0.00   0.00   0.00   0.00   0.00   0.00   0.00   0.00  46.00   0.00   0.00   0.00
  0.00   0.00   0.00 162.00   0.00   0.00   0.00   0.00   0.00   0.00   0.00  64.68   0.00   0.00   0.00   0.00   0.00   0.00   0.00  97.32
 node           3
  0.00   0.00   0.00 147.00   0.00   0.00   0.00   0.00   0.00   0.00   0.00   0.00   0.00 147.00   0.00   0.00   0.00   0.00   0.00   0.00
  0.00   0.00   0.00 100.00   0.00   0.00   0.00   0.00   0.00   0.00   0.00   0.00  33.51   0.00   0.00  32.44   0.00   0.00  34.05   0.00
  0.00   0.00   0.00  97.00   0.00   0.00   0.00   0.00   0.00   0.00   0.00   0.00   0.00   0.00  48.33   0.00   0.00  48.67   0.00   0.00
  0.00   0.00   0.00  57.00   0.00   0.00   0.00   0.00   0.00   0.00   0.00   0.00   0.00   0.00   0.00   0.00  57.00   0.00   0.00   0.00
  0.00   0.00   0.00 164.00   0.00   0.00   0.00   0.00   0.00   0.00   0.00  65.47   0.00   0.00   0.00   0.00   0.00   0.00   0.00  98.53
 node           4
  0.00   0.00   0.00   0.00   0.00   0.00   0.00 106.00   0.00   0.00  67.47   0.00   0.00  38.53   0.00   0.00   0.00   0.00   0.00   0.00
  0.00   0.00   0.00   0.00   0.00   0.00   0.00  57.00   0.00   0.00   0.00   0.00  19.10   0.00   0.00  18.49   0.00   0.00  19.41   0.00
  0.00   0.00   0.00   0.00   0.00   0.00   0.00  53.00   0.00   0.00   0.00   0.00   0.00   0.00   0.00   0.00   0.00  53.00   0.00   0.00
  0.00   0.00   0.00   0.00   0.00   0.00   0.00  29.00   0.00   0.00   0.00   0.00   0.00   0.00   0.00   0.00  29.00   0.00   0.00   0.00
  0.00   0.00   0.00   0.00   0.00   0.00   0.00  92.00   0.00   0.00   0.00  36.73   0.00   0.00   0.00   0.00   0.00   0.00   0.00  55.27
 node           5
313.00   0.00   0.00   0.00   0.00   0.00   0.00   0.00   0.00   0.00 313.00   0.00   0.00   0.00   0.00   0.00   0.00   0.00   0.00   0.00
  0.00   0.00  92.75   0.00   0.00   0.00   0.00   0.00  94.25   0.00   0.00   0.00  92.75   0.00   0.00   0.00   0.00   0.00  94.25   0.00
  0.00   0.00   0.00   0.00 196.00   0.00   0.00   0.00   0.00   0.00   0.00   0.00   0.00   0.00 196.00   0.00   0.00   0.00   0.00   0.00
 59.37   0.00  18.38   0.00  17.57   0.00   0.00   0.00  18.68   0.00   0.00   0.00   0.00   0.00   0.00   0.00 114.00   0.00   0.00   0.00
156.75   0.00  48.54   0.00  46.39   0.00   0.00   0.00  49.32   0.00   0.00 120.17   0.00   0.00   0.00   0.00   0.00   0.00   0.00 180.83
 node           6
  0.00   0.00   0.00 270.00   0.00   0.00   0.00   0.00   0.00   0.00   0.00   0.00   0.00 270.00   0.00   0.00   0.00   0.00   0.00   0.00
  0.00   0.00 194.00   0.00   0.00   0.00   0.00   0.00   0.00   0.00   0.00   0.00 194.00   0.00   0.00   0.00   0.00   0.00   0.00   0.00
  0.00   0.00   0.00   0.00   0.00   0.00   0.00 179.00   0.00   0.00   0.00   0.00   0.00   0.00   0.00   0.00   0.00 179.00   0.00   0.00
  0.00   0.00  24.95  46.03   0.00   0.00   0.00  24.01   0.00   0.00   0.00   0.00   0.00   0.00   0.00   0.00  95.00   0.00   0.00   0.00
  0.00   0.00  88.26 162.81   0.00   0.00   0.00  84.93   0.00   0.00   0.00 134.14   0.00   0.00   0.00   0.00   0.00   0.00   0.00 201.86
 node           7
  0.00   0.00   0.00 349.00   0.00   0.00   0.00   0.00   0.00   0.00   0.00   0.00   0.00 349.00   0.00   0.00   0.00   0.00   0.00   0.00
  0.00   0.00   0.00   0.00   0.00 192.00   0.00   0.00   0.00   0.00   0.00   0.00   0.00   0.00   0.00 192.00   0.00   0.00   0.00   0.00
  0.00   0.00   0.00   0.00   0.00   0.00   0.00 178.00   0.00   0.00   0.00   0.00   0.00   0.00   0.00   0.00   0.00 178.00   0.00   0.00
  0.00   0.00   0.00   0.00   0.00   0.00  94.00   0.00   0.00   0.00   0.00   0.00   0.00   0.00   0.00   0.00  94.00   0.00   0.00   0.00
  0.00   0.00   0.00   0.00   0.00   0.00   0.00   0.00   0.00 307.00   0.00   0.00   0.00   0.00   0.00   0.00   0.00   0.00   0.00 307.00
 node           8
313.00   0.00   0.00   0.00   0.00   0.00   0.00   0.00   0.00   0.00 313.00   0.00   0.00   0.00   0.00   0.00   0.00   0.00   0.00   0.00
  0.00   0.00 191.00   0.00   0.00   0.00   0.00   0.00   0.00   0.00   0.00   0.00 191.00   0.00   0.00   0.00   0.00   0.00   0.00   0.00
 74.32  54.07  23.01   0.00   0.00   0.00  27.59   0.00   0.00   0.00   0.00   0.00   0.00   0.00  89.19   0.00   0.00  89.81   0.00   0.00
  0.00   0.00   0.00   0.00   0.00   0.00  97.00   0.00   0.00   0.00   0.00   0.00   0.00   0.00   0.00   0.00  97.00   0.00   0.00   0.00
  0.00 345.00   0.00   0.00   0.00   0.00   0.00   0.00   0.00   0.00   0.00 345.00   0.00   0.00   0.00   0.00   0.00   0.00   0.00   0.00
 node           9
298.00   0.00   0.00   0.00   0.00   0.00   0.00   0.00   0.00   0.00 298.00   0.00   0.00   0.00   0.00   0.00   0.00   0.00   0.00   0.00
  0.00   0.00   0.00   0.00   0.00 158.00   0.00   0.00   0.00   0.00   0.00   0.00   0.00   0.00   0.00 158.00   0.00   0.00   0.00   0.00
 51.70  37.61   0.00   0.00   0.00  15.50  19.19   0.00   0.00   0.00   0.00   0.00   0.00   0.00  61.79   0.00   0.00  62.21   0.00   0.00
  0.00   0.00   0.00   0.00   0.00   0.00  71.00   0.00   0.00   0.00   0.00   0.00   0.00   0.00   0.00   0.00  71.00   0.00   0.00   0.00
  0.00 254.00   0.00   0.00   0.00   0.00   0.00   0.00   0.00   0.00   0.00 254.00   0.00   0.00   0.00   0.00   0.00   0.00   0.00   0.00
 node          10
  0.00   0.00   0.00   0.00   0.00   0.00 104.00   0.00   0.00   0.00  66.19   0.00   0.00  37.81   0.00   0.00   0.00   0.00   0.00   0.00
  0.00   0.00   0.00   0.00   0.00   0.00  62.00   0.00   0.00   0.00   0.00   0.00  20.78   0.00   0.00  20.11   0.00   0.00  21.11   0.00
  0.00   0.00   0.00   0.00   0.00   0.00  48.00   0.00   0.00   0.00   0.00   0.00   0.00   0.00  23.92   0.00   0.00  24.08   0.00   0.00
  0.00   0.00   0.00   0.00   0.00   0.00  33.00   0.00   0.00   0.00   0.00   0.00   0.00   0.00   0.00   0.00  33.00   0.00   0.00   0.00
  0.00   0.00   0.00   0.00   0.00   0.00 101.00   0.00   0.00   0.00   0.00  40.32   0.00   0.00   0.00   0.00   0.00   0.00   0.00  60.68
 node          11
  0.00   0.00   0.00   0.00   0.00   0.00   0.00   0.00   0.00  60.00  38.19   0.00   0.00  21.81   0.00   0.00   0.00   0.00   0.00   0.00
  0.00   0.00   0.00   0.00   0.00   0.00   0.00   0.00   0.00  36.00   0.00   0.00  12.06   0.00   0.00  11.68   0.00   0.00  12.26   0.00
  0.00   0.00   0.00   0.00   0.00   0.00   0.00   0.00   0.00  35.00   0.00   0.00   0.00   0.00  17.44   0.00   0.00  17.56   0.00   0.00
  0.00   0.00   0.00   0.00   0.00   0.00   0.00   0.00   0.00  21.00   0.00   0.00   0.00   0.00   0.00   0.00  21.00   0.00   0.00   0.00
  0.00   0.00   0.00   0.00   0.00   0.00   0.00   0.00   0.00  70.00   0.00   0.00   0.00   0.00   0.00   0.00   0.00   0.00   0.00  70.00
 node          12
  0.00 213.88  91.03   0.00   0.00   0.00   0.00  87.60  92.50   0.00 308.69   0.00   0.00 176.31   0.00   0.00   0.00   0.00   0.00   0.00
  0.00   0.00 167.15   0.00   0.00   0.00   0.00   0.00 169.85   0.00   0.00   0.00 167.15   0.00   0.00   0.00   0.00   0.00 169.85   0.00
  0.00   0.00   0.00   0.00   0.00   0.00   0.00 287.00   0.00   0.00   0.00   0.00   0.00   0.00   0.00   0.00   0.00 287.00   0.00   0.00
  0.00  62.62  26.65   0.00   0.00   0.00   0.00  25.65  27.08   0.00   0.00   0.00   0.00   0.00   0.00   0.00 142.00   0.00   0.00   0.00
  0.00 488.00   0.00   0.00   0.00   0.00   0.00   0.00   0.00   0.00   0.00 488.00   0.00   0.00   0.00   0.00   0.00   0.00   0.00   0.00
 node          13
  0.00   0.00   0.00   0.00   0.00   0.00  97.69  78.41  82.80 288.10 348.15   0.00   0.00 198.85   0.00   0.00   0.00   0.00   0.00   0.00
  0.00   0.00   0.00   0.00   0.00   0.00   0.00   0.00 264.00   0.00   0.00   0.00   0.00   0.00   0.00   0.00   0.00   0.00 264.00   0.00
  0.00   0.00   0.00   0.00   0.00   0.00   0.00 226.00   0.00   0.00   0.00   0.00   0.00   0.00   0.00   0.00   0.00 226.00   0.00   0.00
  0.00   0.00   0.00   0.00   0.00   0.00 158.00   0.00   0.00   0.00   0.00   0.00   0.00   0.00   0.00   0.00 158.00   0.00   0.00   0.00
  0.00   0.00   0.00   0.00   0.00   0.00   0.00   0.00   0.00 423.00   0.00   0.00   0.00   0.00   0.00   0.00   0.00   0.00   0.00 423.00
 node          14
  0.00   0.00   0.00 196.00   0.00   0.00   0.00   0.00   0.00   0.00   0.00   0.00   0.00 196.00   0.00   0.00   0.00   0.00   0.00   0.00
  0.00   0.00 120.00   0.00   0.00   0.00   0.00   0.00   0.00   0.00   0.00   0.00 120.00   0.00   0.00   0.00   0.00   0.00   0.00   0.00
  0.00  41.62  17.71  32.67   0.00   0.00   0.00   0.00   0.00   0.00   0.00   0.00   0.00   0.00  45.84   0.00   0.00  46.16   0.00   0.00
  0.00  28.05  11.94  22.02   0.00   0.00   0.00   0.00   0.00   0.00   0.00   0.00   0.00   0.00   0.00   0.00  62.00   0.00   0.00   0.00
  0.00 177.00   0.00   0.00   0.00   0.00   0.00   0.00   0.00   0.00   0.00 177.00   0.00   0.00   0.00   0.00   0.00   0.00   0.00   0.00
 node          15
  0.00   0.00   0.00 316.00   0.00   0.00   0.00   0.00   0.00   0.00   0.00   0.00   0.00 316.00   0.00   0.00   0.00   0.00   0.00   0.00
  0.00   0.00   0.00   0.00   0.00 203.00   0.00   0.00   0.00   0.00   0.00   0.00   0.00   0.00   0.00 203.00   0.00   0.00   0.00   0.00
  0.00   0.00   0.00   0.00 158.00   0.00   0.00   0.00   0.00   0.00   0.00   0.00   0.00   0.00 158.00   0.00   0.00   0.00   0.00   0.00
  0.00   0.00   0.00   0.00   0.00   0.00  82.00   0.00   0.00   0.00   0.00   0.00   0.00   0.00   0.00   0.00  82.00   0.00   0.00   0.00
  0.00 276.00   0.00   0.00   0.00   0.00   0.00   0.00   0.00   0.00   0.00 276.00   0.00   0.00   0.00   0.00   0.00   0.00   0.00   0.00
 node          16
784.00   0.00   0.00   0.00   0.00   0.00   0.00   0.00   0.00   0.00 784.00   0.00   0.00   0.00   0.00   0.00   0.00   0.00   0.00   0.00
  0.00   0.00   0.00   0.00   0.00 425.00   0.00   0.00   0.00   0.00   0.00   0.00   0.00   0.00   0.00 425.00   0.00   0.00   0.00   0.00
  0.00   0.00   0.00   0.00 375.00   0.00   0.00   0.00   0.00   0.00   0.00   0.00   0.00   0.00 375.00   0.00   0.00   0.00   0.00   0.00
111.05  80.80   0.00   0.00  32.86  33.29   0.00   0.00   0.00   0.00   0.00   0.00   0.00   0.00   0.00   0.00 258.00   0.00   0.00   0.00
  0.00 629.00   0.00   0.00   0.00   0.00   0.00   0.00   0.00   0.00   0.00 629.00   0.00   0.00   0.00   0.00   0.00   0.00   0.00   0.00
 node          17
 87.00   0.00   0.00   0.00   0.00   0.00   0.00   0.00   0.00   0.00  87.00   0.00   0.00   0.00   0.00   0.00   0.00   0.00   0.00   0.00
 52.00   0.00   0.00   0.00   0.00   0.00   0.00   0.00   0.00   0.00   0.00   0.00  17.43   0.00   0.00  16.87   0.00   0.00  17.71   0.00
 50.00   0.00   0.00   0.00   0.00   0.00   0.00   0.00   0.00   0.00   0.00   0.00   0.00   0.00  24.91   0.00   0.00  25.09   0.00   0.00
 30.00   0.00   0.00   0.00   0.00   0.00   0.00   0.00   0.00   0.00   0.00   0.00   0.00   0.00   0.00   0.00  30.00   0.00   0.00   0.00
 81.00   0.00   0.00   0.00   0.00   0.00   0.00   0.00   0.00   0.00   0.00  32.34   0.00   0.00   0.00   0.00   0.00   0.00   0.00  48.66
 node          18
237.00   0.00   0.00   0.00   0.00   0.00   0.00   0.00   0.00   0.00 237.00   0.00   0.00   0.00   0.00   0.00   0.00   0.00   0.00   0.00
121.92   0.00   0.00   0.00  36.08   0.00   0.00   0.00   0.00   0.00   0.00   0.00  52.95   0.00   0.00  51.26   0.00   0.00  53.80   0.00
  0.00   0.00   0.00   0.00 147.00   0.00   0.00   0.00   0.00   0.00   0.00   0.00   0.00   0.00 147.00   0.00   0.00   0.00   0.00   0.00
 60.96   0.00   0.00   0.00  18.04   0.00   0.00   0.00   0.00   0.00   0.00   0.00   0.00   0.00   0.00   0.00  79.00   0.00   0.00   0.00
162.82   0.00   0.00   0.00  48.18   0.00   0.00   0.00   0.00   0.00   0.00  84.24   0.00   0.00   0.00   0.00   0.00   0.00   0.00 126.76
 node          19
  0.00   0.00   0.00   0.00   0.00  35.16   0.00  34.95  36.90   0.00  68.10   0.00   0.00  38.90   0.00   0.00   0.00   0.00   0.00   0.00
  0.00   0.00   0.00   0.00   0.00  30.74   0.00   0.00  32.26   0.00   0.00   0.00   0.00   0.00   0.00  30.74   0.00   0.00  32.26   0.00
  0.00   0.00   0.00   0.00   0.00   0.00   0.00  57.00   0.00   0.00   0.00   0.00   0.00   0.00   0.00   0.00   0.00  57.00   0.00   0.00
  0.00   0.00   0.00   0.00   0.00   9.86   0.00   9.80  10.35   0.00   0.00   0.00   0.00   0.00   0.00   0.00  30.00   0.00   0.00   0.00
  0.00   0.00   0.00   0.00   0.00  29.57   0.00  29.39  31.04   0.00   0.00  35.93   0.00   0.00   0.00   0.00   0.00   0.00   0.00  54.07
 node          20
  0.00   0.00   0.00   0.00   0.00 186.00   0.00   0.00   0.00   0.00 118.38   0.00   0.00  67.62   0.00   0.00   0.00   0.00   0.00   0.00
  0.00   0.00   0.00   0.00   0.00  98.00   0.00   0.00   0.00   0.00   0.00   0.00   0.00   0.00   0.00  98.00   0.00   0.00   0.00   0.00
  0.00   0.00   0.00   0.00   0.00  77.00   0.00   0.00   0.00   0.00   0.00   0.00   0.00   0.00  38.37   0.00   0.00  38.63   0.00   0.00
  0.00   0.00   0.00   0.00   0.00  55.00   0.00   0.00   0.00   0.00   0.00   0.00   0.00   0.00   0.00   0.00  55.00   0.00   0.00   0.00
  0.00   0.00   0.00   0.00   0.00 147.00   0.00   0.00   0.00   0.00   0.00  58.69   0.00   0.00   0.00   0.00   0.00   0.00   0.00  88.31
 node          21
  0.00 113.00   0.00   0.00   0.00   0.00   0.00   0.00   0.00   0.00  71.92   0.00   0.00  41.08   0.00   0.00   0.00   0.00   0.00   0.00
  0.00  58.00   0.00   0.00   0.00   0.00   0.00   0.00   0.00   0.00   0.00   0.00  19.44   0.00   0.00  18.82   0.00   0.00  19.75   0.00
  0.00  57.00   0.00   0.00   0.00   0.00   0.00   0.00   0.00   0.00   0.00   0.00   0.00   0.00  28.40   0.00   0.00  28.60   0.00   0.00
  0.00  32.00   0.00   0.00   0.00   0.00   0.00   0.00   0.00   0.00   0.00   0.00   0.00   0.00   0.00   0.00  32.00   0.00   0.00   0.00
  0.00  83.00   0.00   0.00   0.00   0.00   0.00   0.00   0.00   0.00   0.00  83.00   0.00   0.00   0.00   0.00   0.00   0.00   0.00   0.00
 node          22
  0.00   0.00   0.00   0.00  22.13   0.00   0.00   0.00   0.00  81.87  66.19   0.00   0.00  37.81   0.00   0.00   0.00   0.00   0.00   0.00
  0.00   0.00   0.00   0.00  13.40   0.00   0.00   0.00   0.00  49.60   0.00   0.00  21.11   0.00   0.00  20.44   0.00   0.00  21.45   0.00
  0.00   0.00   0.00   0.00  51.00   0.00   0.00   0.00   0.00   0.00   0.00   0.00   0.00   0.00  51.00   0.00   0.00   0.00   0.00   0.00
  0.00   0.00   0.00   0.00   7.45   0.00   0.00   0.00   0.00  27.55   0.00   0.00   0.00   0.00   0.00   0.00  35.00   0.00   0.00   0.00
  0.00   0.00   0.00   0.00   0.00   0.00   0.00   0.00   0.00  87.00   0.00   0.00   0.00   0.00   0.00   0.00   0.00   0.00   0.00  87.00
 node          23
638.00   0.00   0.00   0.00   0.00   0.00   0.00   0.00   0.00   0.00 638.00   0.00   0.00   0.00   0.00   0.00   0.00   0.00   0.00   0.00
  0.00   0.00   0.00   0.00   0.00   0.00   0.00   0.00 461.00   0.00   0.00   0.00   0.00   0.00   0.00   0.00   0.00   0.00 461.00   0.00
  0.00   0.00   0.00   0.00 369.00   0.00   0.00   0.00   0.00   0.00   0.00   0.00   0.00   0.00 369.00   0.00   0.00   0.00   0.00   0.00
 72.82   0.00   0.00   0.00  21.55   0.00   0.00   0.00  22.91  79.72   0.00   0.00   0.00   0.00   0.00   0.00 197.00   0.00   0.00   0.00
  0.00   0.00   0.00   0.00   0.00   0.00   0.00   0.00   0.00 617.00   0.00   0.00   0.00   0.00   0.00   0.00   0.00   0.00   0.00 617.00
