id,tc,fair
0,7561.0075,-1.6916999999999973
1,7560.055,-1.678999999999995
2,7559.11,-1.6663999999999959
3,7558.172500000001,-1.6539000000000001
4,7557.235000000001,-1.6413999999999973
5,7556.305,-1.6289999999999978
6,7555.3825,-1.6166999999999945
7,7554.46,-1.6043999999999983
8,7553.545,-1.5921999999999983
9,7552.63,-1.5799999999999983
10,7551.7225,-1.5678999999999945
11,7550.8225,-1.555899999999994
12,7549.922500000001,-1.5439000000000007
13,7549.0225,-1.5319000000000003
14,7548.137500000001,-1.5200999999999993
15,7547.2525000000005,-1.5082999999999984
16,7546.3675,-1.4964999999999975
17,7545.49,-1.4848
18,7544.612499999999,-1.4730999999999952
19,7543.75,-1.4615999999999971
20,7542.879999999999,-1.4499999999999957
21,7542.0175,-1.4384999999999977
22,7541.1625,-1.4270999999999958
23,7540.3075,-1.415699999999994
24,7539.459999999999,-1.4043999999999954
25,7538.620000000001,-1.3932000000000002
26,7537.772499999999,-1.3818999999999946
27,7536.94,-1.3707999999999956
28,7536.1075,-1.3596999999999966
29,7535.275,-1.3485999999999976
30,7534.45,-1.3375999999999948
31,7533.6325,-1.3266999999999953
32,7532.8150000000005,-1.3157999999999959
33,7531.9974999999995,-1.3048999999999964
34,7531.1875,-1.2941000000000003
35,7530.385,-1.2834000000000003
36,7529.575,-1.272599999999997
37,7528.780000000001,-1.2620000000000005
38,7527.985000000001,-1.2513999999999967
39,7527.1900000000005,-1.2408000000000001
40,7526.4025,-1.2302999999999997
41,7525.6224999999995,-1.2198999999999955
42,7524.834999999999,-1.2093999999999951
43,7524.0625,-1.1990999999999943
44,7523.290000000001,-1.1888000000000005
45,7522.5175,-1.1784999999999997
46,7521.7525,-1.168299999999995
47,7520.9875,-1.1580999999999975
48,7520.2225,-1.1479
49,7519.465,-1.1377999999999986
50,7518.715,-1.1278000000000006
51,7517.965,-1.1177999999999955
52,7517.215,-1.1077999999999975
53,7516.4725,-1.0978999999999957
54,7515.737499999999,-1.0880999999999972
55,7514.995,-1.0781999999999954
56,7514.26,-1.068399999999997
57,7513.532499999999,-1.0586999999999946
58,7512.805,-1.0489999999999995
59,7512.077499999999,-1.0392999999999972
60,7511.3575,-1.0296999999999983
61,7510.645,-1.0201999999999956
62,7509.924999999999,-1.0105999999999966
63,7509.2125,-1.0010999999999939
64,7508.5075,-0.9916999999999945
65,7507.8025,-0.9822999999999951
66,7507.0975,-0.9728999999999957
67,7506.4,-0.9635999999999996
68,7505.702499999999,-0.9542999999999964
69,7505.005,-0.9450000000000003
70,7504.3150000000005,-0.9358000000000004
71,7503.6325,-0.9266999999999967
72,7502.9425,-0.9174999999999969
73,7502.26,-0.9084000000000003
74,7501.585,-0.8994
75,7500.91,-0.8903999999999996
76,7500.235000000001,-0.8813999999999993
77,7499.567499999999,-0.8724999999999952
78,7498.8925,-0.8634999999999948
79,7498.2325,-0.854699999999994
80,7497.5725,-0.8459000000000003
81,7496.9125,-0.8370999999999995
82,7496.2525000000005,-0.8282999999999987
83,7495.6,-0.8195999999999941
84,7494.9475,-0.8108999999999966
85,7494.3025,-0.8022999999999954
86,7493.65,-0.7935999999999979
87,7493.012500000001,-0.7850999999999999
88,7492.3675,-0.7764999999999986
89,7491.73,-0.7680000000000007
90,7491.0925,-0.7594999999999956
91,7490.4625,-0.7510999999999939
92,7489.8325,-0.7426999999999992
93,7489.202499999999,-0.7342999999999975
94,7488.58,-0.7259999999999991
95,7487.9575,-0.7177000000000007
96,7487.334999999999,-0.7093999999999951
97,7486.72,-0.7012
98,7486.105,-0.6929999999999978
99,7485.49,-0.6847999999999956
100,7484.8825,-0.6766999999999967
101,7484.275,-0.6685999999999979
102,7483.6675,-0.660499999999999
103,7483.067499999999,-0.6524999999999963
104,7482.467500000001,-0.6445000000000007
105,7481.8675,-0.6364999999999981
106,7481.2675,-0.6284999999999954
107,7480.674999999999,-0.620599999999996
108,7480.0825,-0.6126999999999967
109,7479.4975,-0.6049000000000007
110,7478.9125,-0.5970999999999975
111,7478.327499999999,-0.5892999999999944
112,7477.7425,-0.5814999999999984
113,7477.165,-0.5737999999999985
114,7476.5875,-0.5660999999999987
115,7476.01,-0.5583999999999989
116,7475.44,-0.5507999999999953
117,7474.87,-0.5431999999999988
118,7474.299999999999,-0.5355999999999952
119,7473.737499999999,-0.5280999999999949
120,7473.1675,-0.5204999999999984
121,7472.605,-0.5129999999999981
122,7472.049999999999,-0.505599999999994
123,7471.487499999999,-0.49809999999999377
124,7470.9325,-0.4906999999999968
125,7470.385,-0.48339999999999606
126,7469.83,-0.4759999999999991
127,7469.282499999999,-0.46869999999999834
128,7468.735000000001,-0.4613999999999976
129,7468.1875,-0.45409999999999684
130,7467.6475,-0.4468999999999994
131,7467.1075,-0.4396999999999949
132,7466.5675,-0.43249999999999744
133,7466.0275,-0.4253
134,7465.495,-0.4181999999999988
135,7464.9625,-0.4110999999999976
136,7464.43,-0.40399999999999636
137,7463.897499999999,-0.39689999999999515
138,7463.3724999999995,-0.38989999999999725
139,7462.8475,-0.38289999999999935
140,7462.3225,-0.37589999999999435
141,7461.805,-0.3689999999999998
142,7461.2875,-0.3620999999999981
143,7460.77,-0.3551999999999964
144,7460.2525,-0.3482999999999947
145,7459.7425,-0.34149999999999636
146,7459.225,-0.3345999999999947
147,7458.715,-0.3277999999999963
148,7458.2125,-0.32109999999999417
149,7457.702499999999,-0.3142999999999958
150,7457.200000000001,-0.30760000000000076
151,7456.6975,-0.3008999999999986
152,7456.195,-0.29419999999999646
153,7455.7,-0.28759999999999764
154,7455.1975,-0.2808999999999955
155,7454.702499999999,-0.27429999999999666
156,7454.215,-0.26779999999999404
157,7453.719999999999,-0.2611999999999952
158,7453.2325,-0.2546999999999997
159,7452.745,-0.2481999999999971
160,7452.2575,-0.24169999999999447
161,7451.77,-0.23519999999999897
162,7451.29,-0.22879999999999967
163,7450.81,-0.22240000000000038
164,7450.33,-0.21599999999999397
165,7449.85,-0.20959999999999468
166,7449.3775000000005,-0.2032999999999987
167,7448.8975,-0.1968999999999994
168,7448.424999999999,-0.19059999999999633
169,7447.9525,-0.18430000000000035
170,7447.4875,-0.1781000000000006
171,7447.022499999999,-0.17189999999999372
172,7446.55,-0.16559999999999775
173,7446.085,-0.159399999999998
174,7445.6275,-0.15329999999999444
175,7445.1625,-0.14709999999999468
176,7444.705,-0.14099999999999824
177,7444.2474999999995,-0.1348999999999947
178,7443.79,-0.12879999999999825
179,7443.3325,-0.1226999999999947
180,7442.8825,-0.11669999999999447
181,7442.4325,-0.11069999999999425
182,7441.9825,-0.10469999999999402
183,7441.532499999999,-0.09869999999999379
184,7441.0825,-0.09270000000000067
185,7440.639999999999,-0.08679999999999666
186,7440.1900000000005,-0.08079999999999643
187,7439.7474999999995,-0.07489999999999952
188,7439.3125,-0.06909999999999883
189,7438.87,-0.06319999999999482
190,7438.4349999999995,-0.05739999999999412
191,7437.9925,-0.051499999999997215
192,7437.5575,-0.04569999999999652
193,7437.13,-0.03999999999999915
194,7436.695,-0.034199999999998454
195,7436.2675,-0.028499999999993975
196,7435.8325,-0.022700000000000387
197,7435.405,-0.016999999999995907
198,7434.9775,-0.011299999999998533
199,7434.5575,-0.005699999999997374
200,7434.13,0
201,7433.71,0.0
202,7433.29,0.0
203,7432.87,0.0
204,7432.45,0.0
205,7432.0375,0.0
206,7431.6175,0.0
207,7431.205,0.0
208,7430.7925,0.0
209,7430.379999999999,0.0
210,7429.975,0.0
211,7429.5625,0.0
212,7429.157499999999,0.0
213,7428.7525000000005,0.0
214,7428.3475,0.0
215,7427.9425,0.0
216,7427.5375,0.0
217,7427.139999999999,0.0
218,7426.7425,0.0
219,7426.345,0.0
220,7425.9475,0.0
221,7425.549999999999,0.0
222,7425.16,0.0
223,7424.7625,0.0
224,7424.3724999999995,0.0
225,7423.9825,0.0
226,7423.5925,0.0
227,7423.202499999999,0.0
228,7422.82,0.0
229,7422.43,0.0
230,7422.0475,0.0
231,7421.665,0.0
232,7421.282499999999,0.0
233,7420.9,0.0
234,7420.525,0.0
235,7420.1425,0.0
236,7419.7675,0.0
237,7419.3925,0.0
238,7419.0175,0.0
239,7418.6425,0.0
240,7418.275,0.0
241,7417.9,0.0
242,7417.5325,0.0
243,7417.164999999999,0.0
244,7416.7975,0.0
245,7416.43,0.0
246,7416.0625,0.0
247,7415.695,0.0
248,7415.334999999999,0.0
249,7414.975,0.0
250,7414.615,0.0
251,7414.255,0.0
252,7413.895,0.0
253,7413.535,0.0
254,7413.182500000001,0.0
255,7412.8225,0.0
256,7412.469999999999,0.0
257,7412.1175,0.0
258,7411.764999999999,0.0
259,7411.4125,0.0
260,7411.0599999999995,0.0
261,7410.715,0.0
262,7410.37,0.0
263,7410.0175,0.0
264,7409.6725,0.0
265,7409.3275,0.0
266,7408.9825,0.0
267,7408.645,0.0
268,7408.3,0.0
269,7407.9625,0.0
270,7407.6175,0.0
271,7407.28,0.0
272,7406.942499999999,0.0
273,7406.605,0.0
274,7406.275,0.0
275,7405.9375,0.0
276,7405.6,0.0
277,7405.2699999999995,0.0
278,7404.9400000000005,0.0
279,7404.610000000001,0.0
280,7404.28,0.0
281,7403.950000000001,0.0
282,7403.62,0.0
283,7403.2975,0.0
284,7402.967500000001,0.0
285,7402.645,0.0
286,7402.3225,0.0
287,7402.0,0.0
288,7401.6775,0.0
289,7401.355,0.0
290,7401.032499999999,0.0
291,7400.7175,0.0
292,7400.395,0.0
293,7400.08,0.0
294,7399.764999999999,0.0
295,7399.442499999999,0.0
296,7399.135,0.0
297,7398.82,0.0
298,7398.505,0.0
299,7398.19,0.0
300,7397.8825,0.0
301,7397.567499999999,0.0
302,7397.26,0.0
303,7396.9525,0.0
304,7396.645,0.0
305,7396.3375,0.0
306,7396.03,0.0
307,7395.73,0.0
308,7395.422500000001,0.0
309,7395.1225,0.0
310,7394.8150000000005,0.0
311,7394.514999999999,0.0
312,7394.215,0.0
313,7393.915,0.0
314,7393.615,0.0
315,7393.3150000000005,0.0
316,7393.022499999999,0.0
317,7392.7225,0.0
318,7392.43,0.0
319,7392.1375,0.0
320,7391.8375,0.0
321,7391.545,0.0
322,7391.2525000000005,0.0
323,7390.96,0.0
324,7390.675,0.0
325,7390.3825,0.0
326,7390.09,0.0
327,7389.805,0.0
328,7389.5125,0.0
329,7389.2275,0.0
330,7388.942499999999,0.0
331,7389.5475,-0.008600000000001273
332,7389.195,-0.00019999999999953388
333,7388.8525,0.008099999999998886
334,7388.51,0.016399999999997306
335,7388.16,0.024699999999995725
336,7387.950000000001,0.03219999999999601
337,7387.6025,0.040399999999998215
338,7387.2525000000005,0.048699999999996635
339,7386.895,0.056999999999995055
340,7386.547500000001,0.06519999999999726
341,7386.1925,0.07339999999999947
342,7385.834999999999,0.08169999999999789
343,7385.48,0.08990000000000009
344,7385.1275000000005,0.09799999999999898
345,7384.772499999999,0.10620000000000118
346,7384.42,0.11430000000000007
347,7384.057500000001,0.12249999999999517
348,7383.6975,0.13060000000000116
349,7383.3375,0.13870000000000005
350,7382.987500000001,0.1466999999999956
351,7382.6275,0.1548000000000016
352,7382.2675,0.1629000000000005
353,7381.91,0.17089999999999606
354,7381.5525,0.17889999999999873
355,7381.41,0.18549999999999756
356,7381.035,0.19359999999999644
357,7380.67,0.2015999999999991
358,7380.3150000000005,0.20949999999999847
359,7379.942499999999,0.21750000000000114
360,7379.58,0.2254000000000005
361,7379.2075,0.23339999999999606
362,7378.845,0.2412999999999954
363,7378.6075,0.24839999999999662
364,7378.237500000001,0.256299999999996
365,7377.860000000001,0.2641999999999953
366,7377.5,0.27199999999999847
367,7377.1224999999995,0.2798999999999978
368,7376.745000000001,0.28779999999999717
369,7376.37,0.2956000000000003
370,7375.995000000001,0.30339999999999634
371,7375.620000000001,0.3111999999999995
372,7375.245000000001,0.3189999999999955
373,7375.092500000001,0.3253999999999948
374,7374.71,0.33319999999999794
375,7374.32,0.3410000000000011
376,7373.9375,0.3375000000000057
377,7373.5475,0.3323000000000036
378,7373.300000000001,0.3263999999999996
379,7372.9025,0.3213000000000008
380,7372.522499999999,0.3161000000000058
381,7372.135,0.31099999999999994
382,7371.74,0.3060000000000045
383,7371.342499999999,0.3009000000000057
384,7371.16,0.29480000000000217
385,7370.7575,0.28990000000000293
386,7370.355,0.2850000000000037
387,7370.085,0.27940000000000254
388,7369.665000000001,0.2745999999999995
389,7369.262500000001,0.2697000000000003
390,7368.8525,0.26490000000000435
391,7368.6375,0.25910000000000366
392,7368.335,0.25380000000000535
393,7367.9,0.24920000000000186
394,7367.4475,0.2447000000000017
395,7367.2075,0.23910000000000053
396,7366.879999999999,0.23400000000000176
397,7366.385,0.22980000000000445
398,7366.102499999999,0.22450000000000614
399,7365.6875,0.21990000000000265
400,7365.45,0.2144000000000048
401,7364.9925,0.21010000000000417
402,7364.5075,0.20589999999999975
403,7363.6075,0.2039000000000044
404,7361.942500000001,0.20570000000000022
405,7359.935,0.20940000000000225
406,7357.935,0.21300000000000097
407,7355.9375,0.216700000000003
408,7353.9475,0.22030000000000172
409,7351.9675,0.22390000000000043
410,7349.9974999999995,0.22750000000000625
411,7348.0275,0.23110000000000497
412,7346.067499999999,0.23470000000000368
413,7344.1075,0.2383000000000024
414,7342.157500000001,0.24190000000000111
415,7340.215,0.24540000000000362
416,7338.275,0.24900000000000233
417,7336.3425,0.25250000000000483
418,7334.4125,0.25610000000000355
419,7332.49,0.25960000000000605
420,7330.577499999999,0.26310000000000144
421,7328.674999999999,0.26660000000000394
422,7326.772500000001,0.27009999999999934
423,7324.87,0.27360000000000184
424,7322.9875,0.27710000000000434
425,7321.095,0.28059999999999974
426,7319.219999999999,0.284000000000006
427,7317.3475,0.2875000000000014
428,7315.475,0.2910000000000039
429,7313.62,0.2944000000000031
430,7311.765,0.2978000000000023
431,7309.9125,0.3013000000000048
432,7308.067499999999,0.30470000000000397
433,7306.2225,0.30810000000000315
434,7304.3975,0.31150000000000233
435,7302.5625,0.3149000000000015
436,7300.7475,0.3183000000000007
437,7298.93,0.32160000000000366
438,7297.115,0.32500000000000284
439,7295.3099999999995,0.328400000000002
440,7293.5125,0.331700000000005
441,7291.717500000001,0.3351000000000042
442,7289.93,0.33840000000000003
443,7288.1425,0.341700000000003
444,7286.3575,0.3451000000000022
445,7284.59,0.34840000000000515
446,7282.8225,0.351700000000001
447,7281.055,0.355000000000004
448,7279.297500000001,0.35829999999999984
449,7277.55,0.3616000000000028
450,7275.81,0.36480000000000246
451,7274.0625,0.3681000000000054
452,7272.325,0.3714000000000013
453,7270.595,0.37460000000000093
454,7268.875,0.3778000000000006
455,7267.147499999999,0.38110000000000355
456,7265.4375,0.3843000000000032
457,7263.727500000001,0.38750000000000284
458,7262.01,0.3908000000000058
459,7260.31,0.39400000000000546
460,7258.610000000001,0.3972000000000051
461,7256.9275,0.40030000000000143
462,7255.2375,0.4035000000000011
463,7253.557500000001,0.4067000000000007
464,7251.8775000000005,0.4099000000000004
465,7250.215,0.4130000000000038
466,7248.545,0.41620000000000346
467,7246.8825,0.4192999999999998
468,7245.2225,0.42249999999999943
469,7243.57,0.42560000000000286
470,7241.9275,0.4287000000000063
471,7240.2775,0.43190000000000595
472,7238.645,0.4350000000000023
473,7237.012499999999,0.4381000000000057
474,7235.38,0.44120000000000203
475,7233.7575,0.44430000000000547
476,7232.1425,0.4473000000000056
477,7230.53,0.4504000000000019
478,7228.9175,0.45350000000000534
479,7227.305,0.45660000000000167
480,7225.709999999999,0.4596000000000018
481,7224.1075,0.4627000000000052
482,7222.5225,0.46570000000000533
483,7220.9375,0.46870000000000545
484,7219.345,0.4718000000000018
485,7217.77,0.4748000000000019
486,7216.195,0.477800000000002
487,7214.630000000001,0.4808000000000021
488,7213.065,0.48380000000000223
489,7211.5,0.48680000000000234
490,7209.945,0.48980000000000246
491,7208.389999999999,0.49280000000000257
492,7206.852500000001,0.49569999999999936
493,7205.307500000001,0.4986999999999995
494,7203.762500000001,0.5016999999999996
495,7202.235,0.5046000000000035
496,7200.7,0.5076000000000036
497,7199.172500000001,0.5105000000000004
498,7197.655,0.5134000000000043
499,7196.129999999999,0.5164000000000044
500,7194.6224999999995,0.5193000000000012
501,7193.115,0.5222000000000051
502,7191.6075,0.5251000000000019
503,7190.110000000001,0.5280000000000058
504,7188.6125,0.5309000000000026
505,7187.115,0.5337999999999994
506,7185.6275000000005,0.5367000000000033
507,7184.14,0.5396000000000001
508,7182.67,0.5424000000000007
509,7181.192499999999,0.5453000000000046
510,7179.7225,0.5481000000000051
511,7178.244999999999,0.5510000000000019
512,7176.785,0.5538000000000025
513,7175.3175,0.5566999999999993
514,7173.8675,0.5594999999999999
515,7172.4175,0.5623000000000005
516,7170.959999999999,0.5652000000000044
517,7169.52,0.568000000000005
518,7168.08,0.5708000000000055
519,7166.639999999999,0.5736000000000061
520,7165.21,0.5763999999999996
521,7163.78,0.5792000000000002
522,7162.35,0.5820000000000007
523,7160.9375,0.5847000000000051
524,7159.5175,0.5875000000000057
525,7158.0975,0.5903000000000063
526,7156.695,0.5930000000000035
527,7155.285,0.5958000000000041
528,7153.8825,0.5985000000000014
529,7152.4825,0.6013000000000019
530,7151.09,0.6039999999999992
531,7149.6975,0.6067000000000036
532,7148.3075,0.6095000000000041
533,7146.925,0.6122000000000014
534,7145.5425,0.6149000000000058
535,7144.17,0.617600000000003
536,7142.797500000001,0.6203000000000003
537,7141.424999999999,0.6230000000000047
538,7140.0525,0.6257000000000019
539,7138.69,0.6284000000000063
540,7137.335,0.6310000000000002
541,7135.9825,0.6337000000000046
542,7134.63,0.6364000000000019
543,7133.285,0.6390000000000029
544,7131.9325,0.6417000000000002
545,7130.5975,0.6443000000000012
546,7129.254999999999,0.6470000000000056
547,7127.92,0.6495999999999995
548,7126.5875,0.6523000000000039
549,7125.262500000001,0.6549000000000049
550,7123.9375,0.657500000000006
551,7122.6224999999995,0.6600999999999999
552,7121.307500000001,0.662700000000001
553,7119.9925,0.665300000000002
554,7118.6775,0.667900000000003
555,7117.3724999999995,0.6705000000000041
556,7116.0675,0.6731000000000051
557,7114.7625,0.6757000000000062
558,7113.467500000001,0.6783000000000001
559,7112.18,0.680800000000005
560,7110.885,0.683400000000006
561,7109.6,0.6859999999999999
562,7108.3125,0.6885000000000048
563,7107.0275,0.6911000000000058
564,7105.759999999999,0.6936000000000035
565,7104.475,0.6962000000000046
566,7103.2075,0.6987000000000023
567,7101.950000000001,0.7012
568,7100.675,0.7038000000000011
569,7099.4175,0.7063000000000059
570,7098.16,0.7088000000000036
571,7096.9025,0.7113000000000014
572,7095.655000000001,0.7138000000000062
573,7094.407499999999,0.7163000000000039
574,7093.16,0.7188000000000017
575,7091.9125,0.7212999999999994
576,7090.674999999999,0.7238000000000042
577,7089.445,0.7262000000000057
578,7088.2075,0.7287000000000035
579,7086.98,0.7312000000000012
580,7085.742499999999,0.733700000000006
581,7084.522500000001,0.7361000000000004
582,7083.305,0.7386000000000053
583,7082.085,0.7409999999999997
584,7080.867499999999,0.7435000000000045
585,7079.657499999999,0.745900000000006
586,7078.4575,0.7483000000000004
587,7077.24,0.7508000000000052
588,7076.040000000001,0.7531999999999996
589,7074.84,0.7556000000000012
590,7073.65,0.7580000000000027
591,7072.45,0.7604000000000042
592,7071.26,0.7628000000000057
593,7070.070000000001,0.7652000000000001
594,7068.89,0.7676000000000016
595,7067.700000000001,0.7700000000000031
596,7066.5199999999995,0.7724000000000046
597,7065.339999999999,0.7748000000000062
598,7064.1775,0.7771000000000043
599,7063.0075,0.7795000000000059
600,7061.827499999999,0.7819000000000003
601,7060.674999999999,0.7842000000000056
602,7059.505,0.7866
603,7058.344999999999,0.7890000000000015
604,7057.1925,0.7912999999999997
605,7056.04,0.793600000000005
606,7054.880000000001,0.7959999999999994
607,7053.737499999999,0.7983000000000047
608,7052.594999999999,0.8006000000000029
609,7051.445,0.8030000000000044
610,7050.3025,0.8053000000000026
611,7049.17,0.8076000000000008
612,7048.0375,0.8099000000000061
613,7046.904999999999,0.8122000000000043
614,7045.7725,0.8145000000000024
615,7044.639999999999,0.8168000000000006
616,7043.5175,0.8191000000000059
617,7042.395,0.8214000000000041
618,7041.272499999999,0.8237000000000023
619,7040.16,0.8260000000000005
620,7039.055,0.8282000000000025
621,7037.9425,0.8305000000000007
622,7036.83,0.832800000000006
623,7035.725,0.8350000000000009
624,7034.6224999999995,0.8373000000000062
625,7033.5175,0.839500000000001
626,7032.425,0.8417999999999992
627,7031.33,0.8440000000000012
628,7030.227500000001,0.8462999999999994
629,7029.1425,0.8485000000000014
630,7028.0575,0.8507000000000033
631,7026.9725,0.8529000000000053
632,7025.89,0.8552000000000035
633,7024.805,0.8574000000000055
634,7023.7300000000005,0.8596000000000004
635,7022.655000000001,0.8618000000000023
636,7021.58,0.8640000000000043
637,7020.514999999999,0.8662000000000063
638,7019.45,0.8684000000000012
639,7018.385,0.8706000000000031
640,7017.32,0.8728000000000051
641,7016.255,0.875
642,7015.2075,0.8771000000000058
643,7014.1425,0.8793000000000006
644,7013.0875,0.8815000000000026
645,7012.032499999999,0.8837000000000046
646,7010.994999999999,0.8858000000000033
647,7009.949999999999,0.8880000000000052
648,7008.9025,0.8901000000000039
649,7007.8575,0.8923000000000059
650,7006.83,0.8944000000000045
651,7005.785,0.8965999999999994
652,7004.7575,0.8987000000000052
653,7003.73,0.9008000000000038
654,7002.695,0.9030000000000058
655,7001.6675,0.9051000000000045
656,7000.639999999999,0.9072000000000031
657,6999.6224999999995,0.9093000000000018
658,6998.605,0.9114000000000004
659,6997.58,0.9136000000000024
660,6996.5625,0.9157000000000011
661,6995.555,0.9177999999999997
662,6994.5375,0.9199000000000055
663,6993.53,0.9220000000000041
664,6992.530000000001,0.9239999999999995
665,6991.532499999999,0.9261000000000053
666,6990.525,0.9282000000000039
667,6989.5275,0.9303000000000026
668,6988.52,0.9324000000000012
669,6987.54,0.9344000000000037
670,6986.5425,0.9365000000000023
671,6985.545,0.938600000000001
672,6984.5650000000005,0.9406000000000034
673,6983.577499999999,0.9427000000000021
674,6982.5975,0.9447000000000045
675,6981.61,0.9468000000000032
676,6980.629999999999,0.9488000000000056
677,6979.6525,0.9509000000000043
678,6978.672500000001,0.9528999999999996
679,6977.7025,0.9549000000000021
680,6976.742499999999,0.9569000000000045
681,6975.765,0.9590000000000032
682,6974.795,0.9610000000000056
683,6973.835000000001,0.963000000000001
684,6972.875,0.9650000000000034
685,6971.915,0.9670000000000059
686,6970.955,0.9690000000000012
687,6970.005,0.9710000000000036
688,6969.045,0.9730000000000061
689,6968.095,0.9750000000000014
690,6967.145,0.9770000000000039
691,6966.195000000001,0.9789999999999992
692,6965.245,0.9810000000000016
693,6964.305,0.9830000000000041
694,6963.355,0.9849999999999994
695,6962.4225,0.9869000000000057
696,6961.4825,0.988900000000001
697,6960.5525,0.9909000000000034
698,6959.620000000001,0.9928000000000026
699,6958.68,0.994800000000005
700,6957.7575,0.9967000000000041
701,6956.8275,0.9986999999999995
702,6955.905,1.0006000000000057
703,6954.975,1.002600000000001
704,6954.0625,1.0045000000000002
705,6953.1325,1.0065000000000026
706,6952.22,1.0084000000000017
707,6951.307500000001,1.0103000000000009
708,6950.395,1.0122
709,6949.475,1.0142000000000024
710,6948.5725,1.0161000000000016
711,6947.66,1.0180000000000007
712,6946.757500000001,1.0198999999999998
713,6945.855,1.021800000000006
714,6944.9525,1.0237000000000052
715,6944.06,1.0256000000000043
716,6943.1575,1.0275000000000034
717,6942.265,1.0294000000000025
718,6941.3625,1.0313000000000017
719,6940.47,1.0332000000000008
720,6939.5775,1.0351
721,6938.695,1.0370000000000061
722,6937.8025,1.0389000000000053
723,6936.9275,1.040700000000001
724,6936.035,1.0426000000000002
725,6935.1525,1.0444999999999993
726,6934.2775,1.0463000000000022
727,6933.405,1.0482000000000014
728,6932.5225,1.0501000000000005
729,6931.647499999999,1.0519000000000034
730,6930.775,1.0538000000000025
731,6929.91,1.0556000000000054
732,6929.0375,1.0575000000000045
733,6928.172500000001,1.0593000000000004
734,6927.31,1.0611999999999995
735,6926.445000000001,1.0630000000000024
736,6925.59,1.0648000000000053
737,6924.725,1.066600000000001
738,6923.862500000001,1.0685000000000002
739,6923.007500000001,1.0703000000000031
740,6922.1625,1.072100000000006
741,6921.3075,1.0739000000000019
742,6920.455,1.075800000000001
743,6919.6,1.0776000000000039
744,6918.755,1.0793999999999997
745,6917.91,1.0812000000000026
746,6917.0650000000005,1.0830000000000055
747,6916.23,1.0848000000000013
748,6915.385,1.0866000000000042
749,6914.549999999999,1.0884
750,6913.7125,1.0900999999999996
751,6912.8775000000005,1.0919000000000025
752,6912.0425,1.0937000000000054
753,6911.217500000001,1.0955000000000013
754,6910.3825,1.0973000000000042
755,6909.555,1.0990000000000038
756,6908.7300000000005,1.1007999999999996
757,6907.905000000001,1.1026000000000025
758,6907.0875,1.104300000000002
759,6906.262499999999,1.106100000000005
760,6905.4375,1.1079000000000008
761,6904.620000000001,1.1096000000000004
762,6903.805,1.1114000000000033
763,6902.9974999999995,1.1131000000000029
764,6902.172500000001,1.1149000000000058
765,6901.365,1.1166000000000054
766,6900.557499999999,1.118300000000005
767,6899.7425,1.1201000000000008
768,6898.945,1.1218000000000004
769,6898.137500000001,1.1235
770,6897.3325,1.1253000000000029
771,6896.535,1.1270000000000024
772,6895.7375,1.128700000000002
773,6894.94,1.1304000000000016
774,6894.135,1.1322000000000045
775,6893.3375,1.1339000000000041
776,6892.55,1.1356000000000037
777,6891.7525000000005,1.1373000000000033
778,6890.965,1.139000000000003
779,6890.1775,1.1407000000000025
780,6889.39,1.142400000000002
781,6888.6025,1.1441000000000017
782,6887.8150000000005,1.1458000000000013
783,6887.0275,1.1475000000000009
784,6886.25,1.1492000000000004
785,6885.48,1.1508000000000038
786,6884.692500000001,1.1525000000000034
787,6883.915,1.154200000000003
788,6883.1375,1.1559000000000026
789,6882.37,1.1576000000000022
790,6881.6,1.1592000000000056
791,6880.8225,1.1609000000000052
792,6880.055,1.1626000000000047
793,6879.295,1.164200000000001
794,6878.5175,1.1659000000000006
795,6877.7575,1.167500000000004
796,6876.99,1.1692000000000036
797,6876.24,1.1707999999999998
798,6875.4725,1.1724999999999994
799,6874.7225,1.1741000000000028
800,6873.955,1.1758000000000024
801,6873.205,1.1774000000000058
802,6872.447499999999,1.1791000000000054
803,6871.6975,1.1807000000000016
804,6870.9475,1.182300000000005
805,6870.1975,1.1839000000000013
806,6869.4400000000005,1.1856000000000009
807,6868.7,1.1872000000000043
808,6867.950000000001,1.1888000000000005
809,6867.21,1.190400000000004
810,6866.4625,1.1921000000000035
811,6865.7225,1.1936999999999998
812,6864.9825,1.1953000000000031
813,6864.2425,1.1968999999999994
814,6863.5125,1.1985000000000028
815,6862.772499999999,1.2001000000000062
816,6862.0425,1.2017000000000024
817,6861.3025,1.2033000000000058
818,6860.5725,1.204900000000002
819,6859.8425,1.2065000000000055
820,6859.1125,1.2081000000000017
821,6858.389999999999,1.2096000000000018
822,6857.67,1.2112000000000052
823,6856.9400000000005,1.2128000000000014
824,6856.219999999999,1.2144000000000048
825,6855.49,1.216000000000001
826,6854.7775,1.2175000000000011
827,6854.057499999999,1.2191000000000045
828,6853.3375,1.2207000000000008
829,6852.625,1.2222000000000008
830,6851.905000000001,1.2238000000000042
831,6851.195,1.2254000000000005
832,6850.4825,1.2269000000000005
833,6849.7725,1.228500000000004
834,6849.07,1.230000000000004
835,6848.35,1.2316000000000003
836,6847.6475,1.2331000000000003
837,6846.9375,1.2347000000000037
838,6846.245000000001,1.2362000000000037
839,6845.535,1.2378
840,6844.8325,1.2393
841,6844.14,1.2408000000000001
842,6843.43,1.2424000000000035
843,6842.737499999999,1.2439000000000036
844,6842.045,1.2454000000000036
845,6841.345,1.2469999999999999
846,6840.6525,1.2485
847,6839.960000000001,1.25
848,6839.2675,1.2515
849,6838.585000000001,1.2530000000000001
850,6837.885,1.2546000000000035
851,6837.202499999999,1.2561000000000035
852,6836.52,1.2576000000000036
853,6835.827499999999,1.2591000000000037
854,6835.145,1.2606000000000037
855,6834.4625,1.2621000000000038
856,6833.789999999999,1.2636000000000038
857,6833.1075,1.2651000000000039
858,6832.425,1.266600000000004
859,6831.7525000000005,1.268100000000004
860,6831.07,1.269600000000004
861,6830.405000000001,1.2710000000000008
862,6829.7325,1.2725000000000009
863,6829.0599999999995,1.274000000000001
864,6828.387500000001,1.275500000000001
865,6827.715,1.277000000000001
866,6827.050000000001,1.2784000000000049
867,6826.3775000000005,1.279900000000005
868,6825.714999999999,1.281400000000005
869,6825.0425000000005,1.282900000000005
870,6824.3875,1.2843000000000018
871,6823.725,1.2858000000000018
872,6823.0525,1.2873000000000019
873,6822.397499999999,1.2887000000000057
874,6821.735,1.2902000000000058
875,6821.09,1.2916000000000025
876,6820.4275,1.2931000000000026
877,6819.7725,1.2944999999999993
878,6819.120000000001,1.2959999999999994
879,6818.465,1.2974000000000032
880,6817.8125,1.2989000000000033
881,6817.1675,1.3003
882,6816.5125,1.3017000000000039
883,6815.86,1.303200000000004
884,6815.215,1.3046000000000006
885,6814.58,1.3060000000000045
886,6813.9275,1.3075000000000045
887,6813.2825,1.3089000000000013
888,6812.6475,1.3103000000000051
889,6811.995,1.3118000000000052
890,6811.360000000001,1.313200000000002
891,6810.724999999999,1.3146000000000058
892,6810.08,1.3160000000000025
893,6809.445,1.3173999999999992
894,6808.8099999999995,1.318800000000003
895,6808.1675,1.3203000000000031
896,6807.5425,1.3216999999999999
897,6806.9075,1.3231000000000037
898,6806.272500000001,1.3245000000000005
899,6805.6475,1.3259000000000043
900,6805.0225,1.327300000000001
901,6804.3875,1.3287000000000049
902,6803.7625,1.3301000000000016
903,6803.137500000001,1.3315000000000055
904,6802.5199999999995,1.332800000000006
905,6801.895,1.3342000000000027
906,6801.27,1.3355999999999995
907,6800.645,1.3370000000000033
908,6800.030000000001,1.3384
909,6799.405000000001,1.3398000000000039
910,6798.797500000001,1.3411000000000044
911,6798.182500000001,1.3425000000000011
912,6797.5575,1.343900000000005
913,6796.942500000001,1.3453000000000017
914,6796.335,1.3466000000000022
915,6795.719999999999,1.348000000000006
916,6795.105,1.3494000000000028
917,6794.4974999999995,1.3507000000000033
918,6793.8925,1.3521
919,6793.2775,1.353500000000004
920,6792.67,1.3548000000000044
921,6792.065,1.3562000000000012
922,6791.467500000001,1.3575000000000017
923,6790.8525,1.3589000000000055
924,6790.254999999999,1.360200000000006
925,6789.65,1.3616000000000028
926,6789.0525,1.3629000000000033
927,6788.4475,1.3643
928,6787.85,1.3656000000000006
929,6787.262500000001,1.3669000000000011
930,6786.657499999999,1.368300000000005
931,6786.0599999999995,1.3696000000000055
932,6785.4725,1.370900000000006
933,6784.8775000000005,1.3723000000000027
934,6784.280000000001,1.3736000000000033
935,6783.692499999999,1.3749000000000038
936,6783.0975,1.3763000000000005
937,6782.51,1.377600000000001
938,6781.922500000001,1.3789000000000016
939,6781.335,1.380200000000002
940,6780.7474999999995,1.3815000000000026
941,6780.1625,1.3828999999999994
942,6779.575000000001,1.3841999999999999
943,6778.9974999999995,1.3855000000000004
944,6778.41,1.386800000000001
945,6777.8325,1.3881000000000014
946,6777.245,1.389400000000002
947,6776.6675,1.3907000000000025
948,6776.09,1.392000000000003
949,6775.5125,1.3933000000000035
950,6774.9349999999995,1.394600000000004
951,6774.3575,1.3959000000000046
952,6773.79,1.397200000000005
953,6773.2125,1.3985000000000056
954,6772.634999999999,1.3998000000000062
955,6772.0675,1.4010999999999996
956,6771.4975,1.4023000000000039
957,6770.93,1.4036000000000044
958,6770.3625,1.404900000000005
959,6769.795,1.4062000000000054
960,6769.2275,1.407500000000006
961,6768.65,1.4087999999999994
962,6768.1,1.4100000000000037
963,6767.532499999999,1.4113000000000042
964,6766.965,1.4126000000000047
965,6766.405,1.413800000000002
966,6765.8475,1.4151000000000025
967,6765.280000000001,1.416400000000003
968,6764.73,1.4176000000000002
969,6764.1625,1.4189000000000007
970,6763.6050000000005,1.4202000000000012
971,6763.054999999999,1.4214000000000055
972,6762.487499999999,1.422700000000006
973,6761.9375,1.4239000000000033
974,6761.379999999999,1.4252000000000038
975,6760.84,1.426400000000001
976,6760.2825,1.4277000000000015
977,6759.7325,1.4289000000000058
978,6759.175000000001,1.4301999999999992
979,6758.635,1.4314000000000036
980,6758.077499999999,1.432700000000004
981,6757.5375,1.4339000000000013
982,6756.9875,1.4351000000000056
983,6756.4400000000005,1.4364000000000061
984,6755.9,1.4376000000000033
985,6755.360000000001,1.4388000000000005
986,6754.8125,1.440100000000001
987,6754.2725,1.4413000000000054
988,6753.7325,1.4425000000000026
989,6753.1849999999995,1.443800000000003
990,6752.645,1.4450000000000003
991,6752.105,1.4462000000000046
992,6751.575000000001,1.4474000000000018
993,6751.035,1.448600000000006
994,6750.4975,1.4498999999999995
995,6749.9574999999995,1.4511000000000038
996,6749.4275,1.452300000000001
997,6748.897499999999,1.4535000000000053
998,6748.3675,1.4547000000000025
999,6747.8375,1.4558999999999997
1000,6747.3075,1.457100000000004
1001,6746.7775,1.4583000000000013
1002,6746.2474999999995,1.4595000000000056
1003,6745.717500000001,1.4607000000000028
1004,6745.1875,1.4619
1005,6744.6675,1.4631000000000043
1006,6744.137500000001,1.4643000000000015
1007,6743.6175,1.4655000000000058
1008,6743.0875,1.466700000000003
1009,6742.5675,1.4679000000000002
1010,6742.0375,1.4691000000000045
1011,6741.5175,1.4703000000000017
1012,6740.9974999999995,1.471500000000006
1013,6740.477499999999,1.4727000000000032
1014,6739.965,1.4738000000000042
1015,6739.445000000001,1.4750000000000014
1016,6738.924999999999,1.4762000000000057
1017,6738.405000000001,1.477400000000003
1018,6737.895,1.4786000000000001
1019,6737.3825,1.4797000000000011
1020,6736.8625,1.4809000000000054
1021,6736.3525,1.4821000000000026
1022,6735.84,1.4832000000000036
1023,6735.33,1.4844000000000008
1024,6734.82,1.4856000000000051
1025,6734.3075,1.4867000000000061
1026,6733.7975,1.4879000000000033
1027,6733.2875,1.4891000000000005
1028,6732.785,1.4902000000000015
1029,6732.275,1.4914000000000058
1030,6731.772500000001,1.4924999999999997
1031,6731.2625,1.493700000000004
1032,6730.7699999999995,1.494800000000005
1033,6730.26,1.4960000000000022
1034,6729.7575,1.4971000000000032
1035,6729.2575,1.4983000000000004
1036,6728.755,1.4994000000000014
1037,6728.255,1.5006000000000057
1038,6727.762500000001,1.5016999999999996
1039,6727.2525,1.502900000000004
1040,6726.76,1.5040000000000049
1041,6726.26,1.505200000000002
1042,6725.7675,1.506300000000003
1043,6725.275,1.507400000000004
1044,6724.775,1.5086000000000013
1045,6724.282499999999,1.5097000000000023
1046,6723.789999999999,1.5108000000000033
1047,6723.290000000001,1.5120000000000005
1048,6722.8075,1.5131000000000014
1049,6722.315,1.5142000000000024
1050,6721.8225,1.5153000000000034
1051,6721.3325,1.5165000000000006
1052,6720.85,1.5176000000000016
1053,6720.3575,1.5187000000000026
1054,6719.875,1.5198000000000036
1055,6719.3925,1.5209000000000046
1056,6718.8925,1.5221000000000018
1057,6718.41,1.5232000000000028
1058,6717.9275,1.5243000000000038
1059,6717.445,1.5254000000000048
1060,6716.9625,1.5265000000000057
1061,6716.4800000000005,1.5275999999999996
1062,6716.0075,1.5287000000000006
1063,6715.525,1.5298000000000016
1064,6715.0425,1.5309000000000026
1065,6714.57,1.5320000000000036
1066,6714.0875,1.5331000000000046
1067,6713.615,1.5342000000000056
1068,6713.132500000001,1.5352999999999994
1069,6712.66,1.5364000000000004
1070,6712.1875,1.5375000000000014
1071,6711.705,1.5386000000000024
1072,6711.2325,1.5397000000000034
1073,6710.76,1.5408000000000044
1074,6710.287499999999,1.5419000000000054
1075,6709.8150000000005,1.5429999999999993
1076,6709.35,1.544000000000004
1077,6708.8775000000005,1.545100000000005
1078,6708.404999999999,1.546200000000006
1079,6707.9425,1.5473
1080,6707.469999999999,1.5484000000000009
1081,6706.9974999999995,1.5495000000000019
1082,6706.5425,1.5504999999999995
1083,6706.07,1.5516000000000005
1084,6705.6075,1.5527000000000015
1085,6705.1425,1.5537000000000063
1086,6704.68,1.5548000000000002
1087,6704.217500000001,1.5559000000000012
1088,6703.755,1.5570000000000022
1089,6703.3,1.5579999999999998
1090,6702.827500000001,1.5591000000000008
1091,6702.365,1.5602000000000018
1092,6701.91,1.5611999999999995
1093,6701.4574999999995,1.5623000000000005
1094,6701.0025,1.5633000000000052
1095,6700.54,1.5644000000000062
1096,6700.0775,1.5655000000000001
1097,6699.6224999999995,1.5665000000000049
1098,6699.17,1.5676000000000059
1099,6698.714999999999,1.5686000000000035
1100,6698.2625,1.5697000000000045
1101,6697.807499999999,1.5707000000000022
1102,6697.355,1.5718000000000032
1103,6696.91,1.5728000000000009
1104,6696.4475,1.5739000000000019
1105,6696.0025000000005,1.5748999999999995
1106,6695.5575,1.5759000000000043
1107,6695.105,1.5770000000000053
1108,6694.66,1.578000000000003
1109,6694.2074999999995,1.579100000000004
1110,6693.762500000001,1.5801000000000016
1111,6693.3175,1.5810999999999993
1112,6692.865,1.5822000000000003
1113,6692.42,1.583200000000005
1114,6691.985000000001,1.5842000000000027
1115,6691.532500000001,1.5853000000000037
1116,6691.087500000001,1.5863000000000014
1117,6690.6525,1.5873000000000062
1118,6690.2075,1.5883000000000038
1119,6689.764999999999,1.5894000000000048
1120,6689.33,1.5904000000000025
1121,6688.885,1.5914000000000001
1122,6688.450000000001,1.592400000000005
1123,6688.0075,1.593500000000006
1124,6687.5725,1.5945000000000036
1125,6687.137500000001,1.5955000000000013
1126,6686.702499999999,1.596500000000006
1127,6686.2675,1.5975000000000037
1128,6685.8325,1.5985000000000014
1129,6685.397499999999,1.5995000000000061
1130,6684.955,1.6006
1131,6684.52,1.6016000000000048
1132,6684.085,1.6026000000000025
1133,6683.66,1.6036000000000001
1134,6683.225,1.604600000000005
1135,6682.799999999999,1.6056000000000026
1136,6682.365,1.6066000000000003
1137,6681.9400000000005,1.607600000000005
1138,6681.505,1.6086000000000027
1139,6681.08,1.6096000000000004
1140,6680.645,1.6106000000000051
1141,6680.219999999999,1.6116000000000028
1142,6679.795,1.6126000000000005
1143,6679.37,1.6136000000000053
1144,6678.945,1.614600000000003
1145,6678.52,1.6156000000000006
1146,6678.102500000001,1.616500000000002
1147,6677.6775,1.6174999999999997
1148,6677.2525,1.6185000000000045
1149,6676.8275,1.6195000000000022
1150,6676.4025,1.6204999999999998
1151,6675.9875,1.6215000000000046
1152,6675.5625,1.6225000000000023
1153,6675.145,1.6234000000000037
1154,6674.7300000000005,1.6244000000000014
1155,6674.305,1.6254000000000062
1156,6673.89,1.6264000000000038
1157,6673.4725,1.6273000000000053
1158,6673.0575,1.628300000000003
1159,6672.6425,1.6293000000000006
1160,6672.2175,1.6303000000000054
1161,6671.8099999999995,1.6311999999999998
1162,6671.3949999999995,1.6322000000000045
1163,6670.98,1.6332000000000022
1164,6670.5725,1.6341000000000037
1165,6670.1575,1.6351000000000013
1166,6669.7425,1.636100000000006
1167,6669.334999999999,1.6370000000000005
1168,6668.92,1.6380000000000052
1169,6668.504999999999,1.639000000000003
1170,6668.1075,1.6399000000000044
1171,6667.692499999999,1.640900000000002
1172,6667.285,1.6418000000000035
1173,6666.88,1.6428000000000011
1174,6666.4725,1.6437000000000026
1175,6666.057500000001,1.6447000000000003
1176,6665.66,1.6456000000000017
1177,6665.255,1.6465999999999994
1178,6664.8475,1.6475000000000009
1179,6664.4425,1.6485000000000056
1180,6664.045,1.6494
1181,6663.63,1.6504000000000048
1182,6663.2325,1.6513000000000062
1183,6662.8275,1.6523000000000039
1184,6662.43,1.6532000000000053
1185,6662.025000000001,1.654200000000003
1186,6661.6275000000005,1.6551000000000045
1187,6661.2300000000005,1.656000000000006
1188,6660.825000000001,1.6570000000000036
1189,6660.4275,1.657900000000005
1190,6660.030000000001,1.6587999999999994
1191,6659.635,1.6598000000000042
1192,6659.237499999999,1.6607000000000056
1193,6658.84,1.6616
1194,6658.445,1.6626000000000047
1195,6658.047500000001,1.6635000000000062
1196,6657.66,1.6644000000000005
1197,6657.254999999999,1.6654000000000053
1198,6656.8675,1.6662999999999997
1199,6656.47,1.6672000000000011
1200,6656.0825,1.6681000000000026
1201,6655.6875,1.6691000000000003
1202,6655.290000000001,1.6700000000000017
1203,6654.9025,1.6709000000000032
1204,6654.514999999999,1.6718000000000046
1205,6654.1275000000005,1.672700000000006
1206,6653.7325,1.6737000000000037
1207,6653.345,1.6746000000000052
1208,6652.9575,1.6754999999999995
1209,6652.570000000001,1.676400000000001
1210,6652.182500000001,1.6773000000000025
1211,6651.795,1.678200000000004
1212,6651.407499999999,1.6791000000000054
1213,6651.030000000001,1.6799999999999997
1214,6650.6425,1.6809000000000012
1215,6650.2474999999995,1.681900000000006
1216,6649.87,1.6828000000000003
1217,6649.4825,1.6837000000000018
1218,6649.105,1.6846000000000032
1219,6648.717500000001,1.6855000000000047
1220,6648.34,1.6864000000000061
1221,6647.952499999999,1.6873000000000005
1222,6647.575000000001,1.688200000000002
1223,6647.1975,1.6891000000000034
1224,6646.8099999999995,1.6900000000000048
1225,6646.4325,1.6909000000000063
1226,6646.055,1.6918000000000006
1227,6645.6849999999995,1.6926000000000059
1228,6645.307500000001,1.6935000000000002
1229,6644.93,1.6944000000000017
1230,6644.5525,1.6953000000000031
1231,6644.174999999999,1.6962000000000046
1232,6643.797500000001,1.697100000000006
1233,6643.42,1.6980000000000004
1234,6643.0425,1.6989000000000019
1235,6642.675,1.6998000000000033
1236,6642.305,1.7006000000000014
1237,6641.9275,1.701500000000003
1238,6641.549999999999,1.7024000000000044
1239,6641.182499999999,1.7033000000000058
1240,6640.805,1.7042000000000002
1241,6640.445,1.7050000000000054
1242,6640.067499999999,1.7058999999999997
1243,6639.7,1.7068000000000012
1244,6639.3225,1.7077000000000027
1245,6638.962500000001,1.7085000000000008
1246,6638.595,1.7094000000000023
1247,6638.227500000001,1.7103000000000037
1248,6637.85,1.7112000000000052
1249,6637.49,1.7120000000000033
1250,6637.1224999999995,1.7129000000000048
1251,6636.754999999999,1.7138000000000062
1252,6636.3949999999995,1.7146000000000043
1253,6636.0275,1.7155000000000058
1254,6635.66,1.7164000000000001
1255,6635.3,1.7172000000000054
1256,6634.932500000001,1.7180999999999997
1257,6634.5725,1.718900000000005
1258,6634.205,1.7197999999999993
1259,6633.8475,1.7207000000000008
1260,6633.487499999999,1.721500000000006
1261,6633.120000000001,1.7224000000000004
1262,6632.76,1.7232000000000056
1263,6632.4025,1.7241
1264,6632.0425,1.7249000000000052
1265,6631.6849999999995,1.7257999999999996
1266,6631.3175,1.726700000000001
1267,6630.9675,1.7275000000000063
1268,6630.6,1.7284000000000006
1269,6630.25,1.7292000000000058
1270,6629.9,1.730000000000004
1271,6629.532499999999,1.7309000000000054
1272,6629.182500000001,1.7317000000000036
1273,6628.825,1.732600000000005
1274,6628.475,1.7334000000000032
1275,6628.1175,1.7343000000000046
1276,6627.7675,1.7351000000000028
1277,6627.41,1.7360000000000042
1278,6627.0599999999995,1.7368000000000023
1279,6626.709999999999,1.7376000000000005
1280,6626.3525,1.738500000000002
1281,6626.0025000000005,1.7393
1282,6625.6525,1.7401000000000053
1283,6625.295,1.7409999999999997
1284,6624.945,1.741800000000005
1285,6624.605,1.742600000000003
1286,6624.2474999999995,1.7435000000000045
1287,6623.897499999999,1.7443000000000026
1288,6623.5575,1.7451000000000008
1289,6623.2,1.7460000000000022
1290,6622.85,1.7468000000000004
1291,6622.51,1.7476000000000056
1292,6622.16,1.7484000000000037
1293,6621.8125,1.7493000000000052
1294,6621.4725,1.7501000000000033
1295,6621.1225,1.7509000000000015
1296,6620.7825,1.7516999999999996
1297,6620.4349999999995,1.752600000000001
1298,6620.085,1.7534000000000063
1299,6619.745,1.7542000000000044
