 ****BaseCase TTC =    754423.766941970     
 OD,Cost
           1   79.4755426688629     
           2   12.0890099402659     
           3   25.3564167087565     
           4   28.3600081529565     
           5   73.4396448761629     
           6   110.543985992640     
           7   70.4143566216130     
           8   34.5375403388065     
           9   38.5465372812565     
          10   58.6810883738458     
          11   29.3898914855707     
          12   33.5115373721207     
          13   53.6627543982188     
          14   52.6119698902237     
          15   62.9979981334070     
          16   52.0869999011082     
          17   89.9930848510965     
          18   64.8073813508221     
          19   64.8073813508221     
          20   60.0304166447709     
          21   64.8073813508221     
          22   65.9442517570938     
          23   38.6050659100207     
          24   86.6874464046278     
          25   84.1398924452875     
          26   109.799806386106     
          27   86.0030074563802     
          28   16.4970472120056     
          29   65.2542795639944     
          30   19.5363050803056     
          31   30.5765553533056     
          32   34.6778443627556     
          33   47.1699023864056     
          34   47.1699023864056     
          35   73.6628003573556     
          36   64.5337296248618     
          37   110.747849140570     
          38   31.4673774260293     
          39   48.0091387500402     
          40   49.9107086531714     
          41   42.6306403737972     
          42   52.9625337819850     
          43   45.5515667710500     
          44   116.743023003037     
          45   52.7306119661117     
          46   52.7205958550006     
          47   116.744454941813     
          48   98.4549760523738     
          49   88.7321944586664     
          50   52.7244898210500     
          51   52.7306119661117     
          52   86.0810557996617     
          53   56.9348439932722     
          54   56.9268269266056     
          55   71.9805092814703     
          56   52.7183714105562     
          57   77.1820728182623     
          58   66.2710745859635     
          59   52.7183714105562     
          60   66.9836130716231     
          61   44.7061924769889     
          62   60.1796213243490     
          63   44.6833476313099     
          64   9.33998185120000     
          65   60.1772345329658     
          66   81.6674480717386     
          67   58.2048826858431     
          68   15.3419966812765     
          69   19.3548130786617     
          70   33.3504438335500     
          71   58.2712660237821     
          72   65.7787745070153     
          73   38.4994142308500     
          74   27.2555531814673     
          75   43.8062739308123     
          76   32.8952756985135     
          77   67.4501102706886     
          78   31.4288114890839     
          79   35.9308434299210     
          80   48.8831887517726     
          81   44.6827910881000     
          82   43.5545805504500     
          83   46.6178842369000     
          84   35.3662106257889     
          85   71.4412920396947     
          86   35.3433657801099     
          87   26.5989329097395     
          88   71.4389052483114     
          89   72.3274662205386     
          90   48.8649008346431     
          91   26.6036673966222     
          92   26.6111914591222     
          93   59.9493767432895     
          94   64.7561021113596     
          95   68.8777479979096     
          96   65.0983471405895     
          97   35.3567320764062     
          98   51.0626523112727     
          99   35.3389142986284     
         100   26.5911397924556     
         101   26.5908615787210     
         102   39.5432069005726     
         103   35.3428092369000     
         104   42.0353030497276     
         105   70.1903991926222     
         106   32.5959392305224     
         107   82.2794091328881     
         108   69.5118041911339     
         109   69.5059602443747     
         110   76.3975218803111     
         111   30.6795473966222     
         112   30.6736914591222     
         113   30.6753642369000     
         114   30.6728551744000     
         115   30.6728551744000     
         116   57.1657531453500     
         117   48.0366824128562     
         118   94.2508019285643     
         119   42.6106197423459     
         120   44.2158268567517     
         121   50.2582756261058     
         122   45.0386086921892     
         123   49.4297488155610     
         124   62.3820941374127     
         125   64.1057760983016     
         126   53.2040699830300     
         127   56.2410889141358     
         128   71.2431364249708     
         129   46.1182108568225     
         130   71.2431364249708     
         131   91.2223572705335     
         132   65.2517411087769     
         133   46.1182108568225     
         134   14.4604797404806     
         135   44.2098703700028     
         136   44.2140653352806     
         137   44.2090315852806     
         138   44.2098703700028     
         139   70.7027683409528     
         140   61.5728588237368     
         141   55.1027049864958     
         142   20.5890199032806     
         143   41.5931118324775     
         144   24.5974596417806     
         145   37.0139526328548     
         146   29.7338843534806     
         147   42.6862296753322     
         148   40.0657777616683     
         149   45.1783258244872     
         150   54.1300939811694     
         151   69.2669346477444     
         152   31.6577311163419     
         153   64.6035873649819     
         154   69.9761626064949     
         155   58.6121920487880     
         156   31.6577311163419     
         157   45.7179744836889     
         158   29.7493906295222     
         159   29.7535855948000     
         160   29.7485518448000     
         161   29.7493906295222     
         162   56.2422886004722     
         163   47.1123790832562     
         164   48.4631559265069     
         165   11.9310723457237     
         166   28.4728336697347     
         167   19.5787282294836     
         168   30.3744035728658     
         169   23.0943352934916     
         170   36.0466806153433     
         171   33.4262287016794     
         172   38.5387767644983     
         173   47.4905449211805     
         174   47.6020405869500     
         175   44.8376246430724     
         176   47.5814342134932     
         177   38.8381127320117     
         178   38.8322687852525     
         179   44.8352378516892     
         180   84.5816231787676     
         181   44.8514792122334     
         182   36.0627502758389     
         183   42.9167150716722     
         184   42.9292693425056     
         185   69.4221673134556     
         186   60.2805423101285     
         187   47.6072824505302     
         188   55.2853080981184     
         189   47.5888921820117     
         190   64.4302074417170     
         191   38.8405626357154     
         192   38.8450185369500     
         193   51.7973638588017     
         194   47.5955756634932     
         195   54.2894600079566     
         196   63.2412281646389     
         197   47.6030676130008     
         198   44.8439838105714     
         199   47.5880248279130     
         200   47.0806535128481     
         201   38.8349633153643     
         202   44.8406403477477     
         203   64.4909892204787     
         204   41.0284238345832     
         205   36.2491358712683     
         206   42.9237435383389     
         207   74.6005427447839     
         208   62.3114844764652     
         209   58.2082826945480     
         210   44.1232052116763     
         211   24.4514608521505     
         212   13.5404626198517     
         213   50.2736514194287     
         214   14.3632444552892     
         215   18.7543845786610     
         216   31.7067299005127     
         217   29.0862779868488     
         218   34.1988260496677     
         219   43.1505942063499     
         220   85.6817524479808     
         221   39.7441797459398     
         222   91.9808021888181     
         223   62.6299039997007     
         224   71.9698858509008     
         225   39.7456116847153     
         226   85.4726598532114     
         227   39.7546853695226     
         228   70.3207350992453     
         229   55.4992327391719     
         230   61.0294165869062     
         231   44.7291240098511     
         232   17.3638272384562     
         233   63.5779467541643     
         234   49.9614859958077     
         235   49.9614859958077     
         236   59.3334135990061     
         237   52.9001238757316     
         238   44.8023075864937     
         239   40.0226898989830     
         240   34.5980560521686     
         241   22.5312148086300     
         242   25.5682337397358     
         243   39.5175440182222     
         244   50.0856511832923     
         245   51.6065539584881     
         246   64.8739607269787     
         247   64.5011673594566     
         248   44.0497533905923     
         249   86.7424396197312     
         250   41.0244651360423     
         251   29.7533227046923     
         252   25.6662040440923     
         253   19.5387531183423     
         254   26.4928979709500     
         255   36.9025803567985     
         256   69.7894092557685     
         257   50.1176648962428     
         258   39.2066666639440     
         259   60.6031933655259     
         260   40.0294484993815     
         261   44.4205886227533     
         262   40.9480241524194     
         263   48.6212015150616     
         264   36.5543602715231     
         265   26.4935679931722     
         266   33.5378742209500     
         267   68.4039051474425     
         268   33.5269980056722     
         269   58.8942909297065     
         270   61.8978823739065     
         271   68.4053370862180     
         272   86.5710933027839     
         273   43.8737967787972     
         274   68.0754145597565     
         275   41.9954221128391     
         276   28.6597254015027     
         277   44.6145075251056     
         278   23.6095586620027     
         279   69.8236781777107     
         280   36.4576753694749     
         281   36.4576753694749     
         282   67.9874455524443     
         283   36.4591488663351     
         284   36.4681787116766     
         285   26.5188792726502     
         286   30.6302371266412     
         287   18.5633958831027     
         288   12.0644231134030     
         289   78.7628283906222     
         290   51.9073217347121     
         291   78.7519521753445     
         292   45.2660767612445     
         293   54.6060586124445     
         294   51.9087536734876     
         295   101.095979157276     
         296   51.9178273582949     
         297   60.6080734425211     
         298   64.6208898399062     
         299   12.1631419887723     
         300   73.1925585756785     
         301   45.2249541696722     
         302   46.2141195157080     
         303   81.6826295391471     
         304   62.1246279845801     
         305   86.8786413562257     
         306   50.2349012705080     
         307   55.3593745154580     
         308   71.7438334423224     
         309   75.8551912963134     
         310   63.7883500527749     
         311   57.2893772830752     
         312   41.5258340501389     
         313   89.3525702230447     
         314   41.5208019668056     
         315   41.5174486334722     
         316   41.5199635293056     
         317   89.3525702230447     
         318   81.1574044925982     
         319   57.6948391067027     
         320   41.5261136836265     
         321   41.5199076359414     
         322   64.9055875210100     
         323   70.9157255357096     
         324   75.0373714222596     
         325   52.7424455322377     
         326   65.9713684880919     
         327   55.0603702557931     
         328   66.9400666915483     
         329   35.3856285140974     
         330   35.4207998507806     
         331   48.3731451726323     
         332   35.3838245096725     
         333   66.4971660734585     
         334   59.8170094784695     
         335   91.4580345337882     
         336   65.1229688441668     
         337   71.9139900289642     
         338   75.8222982877618     
         339   75.8248096716904     
         340   65.1229688441668     
         341   52.7971336601595     
         342   33.4652377278248     
         343   55.0879403668953     
         344   36.8666800921173     
         345   63.2137895726248     
         346   63.2146283573471     
         347   64.8620724028331     
         348   60.7588706209159     
         349   55.7735585904891     
         350   34.3189693510016     
         351   36.7904446575634     
         352   34.3032892348686     
         353   30.4047379574739     
         354   34.2998432685202     
         355   45.6985045821005     
         356   45.6985045821005     
         357   45.7011821327178     
         358   91.4556265654454     
         359   70.4187091135087     
         360   76.8492061007987     
         361   41.5033289367602     
         362   41.5058403206888     
         363   70.4187091135087     
         364   84.0958115792704     
         365   38.7609779971668     
         366   41.5119818903537     
         367   31.7318013608469     
         368   74.8537727703102     
         369   81.1599570115454     
         370   64.8596644344903     
         371   60.7564626525731     
         372   68.7588821182275     
         373   31.2986779191108     
         374   58.3397062266504     
         375   30.9385942151164     
         376   30.9747647359683     
         377   34.2860651699306     
         378   45.6914143699306     
         379   45.6867336643750     
         380   45.6987741643750     
         381   78.3361456968666     
         382   98.3153665424292     
         383   84.3934544596971     
         384   52.7640964112500     
         385   52.7357233433551     
         386   61.5100960347977     
         387   65.2557817874169     
         388   81.2991257168903     
         389   96.6842861002356     
         390   80.3839935231805     
         391   76.2807917412633     
         392   62.1957142583915     
         393   52.7254939194256     
         394   48.6861211043733     
         395   44.1069619047505     
         396   36.8268936253763     
         397   49.7792389472280     
         398   47.1587870335641     
         399   52.2713350963830     
         400   41.4754587737500     
         401   70.4038102421878     
         402   32.7174090575589     
         403   32.7201895712273     
         404   70.4038102421878     
         405   84.0842296118031     
         406   38.7460791258459     
         407   32.7254746729690     
         408   29.9435381221389     
         409   64.8857075242507     
         410   68.4954697553681     
         411   64.8561678615875     
         412   52.7225655354784     
         413   34.3080317146389     
         414   31.2870959516436     
         415   29.7487415165158     
         416   58.3248073553294     
         417   29.2026046168996     
         418   34.2692707247110     
         419   31.6851273522885     
         420   36.7867473273736     
         421   45.6952775914722     
         422   41.5092520714903     
         423   53.9317703722641     
         424   53.3625564157571     
         425   35.5178567552964     
         426   53.9317703722641     
         427   45.7366046418176     
         428   22.2740392559221     
         429   24.6832024094214     
         430   28.4288881620406     
         431   44.4722320915140     
         432   52.0234298854444     
         433   43.5570998978042     
         434   39.4538981158870     
         435   25.3688206330152     
         436   16.4402895611684     
         437   11.8592274789969     
         438   31.5192668407676     
         439   7.28006827937420     
         440   12.9523453218517     
         441   10.3318934081878     
         442   15.4444414710066     
         443   24.3962096276889     
         444   70.1429463620926     
         445   70.3683014070685     
         446   42.6604591649122     
         447   49.0126486224889     
         448   63.0728919898358     
         449   17.3549175061469     
         450   85.7102980883450     
         451   15.4765428401889     
         452   44.4621164248473     
         453   59.8472768081926     
         454   43.5469842311375     
         455   39.4437824492203     
         456   71.0783574087819     
         457   9.93879609682469     
         458   9.93879609682469     
         459   41.4685662797940     
         460   9.94026959368487     
         461   9.94929943902641     
         462   24.3382529868726     
         463   24.3242699610222     
         464   24.3860939610222     
         465   51.7135036058154     
         466   64.1360219065892     
         467   51.7135036058154     
         468   47.9299200861840     
         469   45.7221082896215     
         470   64.1360219065892     
         471   55.9408561761427     
         472   32.4782907902472     
         473   34.8874539437465     
         474   33.8032109822944     
         475   54.6764836258391     
         476   69.2406770803980     
         477   52.9403845033429     
         478   47.7662665490187     
         479   22.8679326667764     
         480   26.6445410954935     
         481   22.0634790133220     
         482   41.7235183750927     
         483   15.2125110286251     
         484   10.2042515343251     
         485   18.3266681421055     
         486   16.3858089949472     
         487   33.7794942332276     
         488   63.1505376393508     
         489   57.9915990654508     
         490   46.0440314460463     
         491   55.3840132972463     
         492   69.4412880959055     
         493   68.0076974196813     
         494   37.7835569795636     
         495   61.3860281273228     
         496   35.9051823136056     
         497   39.6136889636418     
         498   52.8548680854508     
         499   36.5545755083957     
         500   31.3804575540714     
         501   46.7540874477596     
         502   30.3674355702414     
         503   30.3674355702414     
         504   53.7903596186313     
         505   30.3689090671015     
         506   22.2710927778636     
         507   20.4286394734167     
         508   12.0668412435385     
         509   17.3936852382804     
         510   45.7568524010704     
         511   56.1048237243972     
         512   59.8216341485404     
         513   77.5273481490831     
         514   31.8093736653942     
         515   71.4468204056737     
         516   29.9309989994361     
         517   20.0760224638251     
         518   35.4611828471704     
         519   19.1608902701153     
         520   15.0576884881981     
         521   61.2718080039061     
         522   24.3932522560719     
         523   24.3932522560719     
         524   24.3947257529321     
         525   24.4037555982736     
         526   14.4544561592472     
         527   22.1276335218894     
         528   10.0607922783509     
 *****Write initial frequency*****
           1  5.000000000000000E-002
           2  6.666666666666667E-002
           3  8.333333333333333E-002
           4  8.333333333333333E-002
           5  0.133333333333333     
           6  5.000000000000000E-002
           7  0.100000000000000     
           8  0.133333333333333     
           9  8.333333333333333E-002
          10  0.100000000000000     
          11  0.100000000000000     
          12  0.133333333333333     
          13  0.116666666666667     
          14  0.100000000000000     
          15  6.666666666666667E-002
          16  6.666666666666667E-002
          17  0.116666666666667     
          18  6.666666666666667E-002
          19  5.000000000000000E-002
          20  0.133333333333333     
