link,anode,bnode,numslc,
           1           1           2           0
           2           1           3           0
           3           2           1           0
           4           2           6           0
           5           3           1           0
           6           3           4           0
           7           3          12           0
           8           4           3           0
           9           4           5           0
          10           4          11           0
          11           5           4           0
          12           5           6           0
          13           5           9           0
          14           6           2           0
          15           6           5           0
          16           6           8           0
          17           7           8           0
          18           7          18           0
          19           8           6           0
          20           8           7           0
          21           8           9           0
          22           8          16           0
          23           9           5           0
          24           9           8           0
          25           9          10           0
          26          10           9           0
          27          10          11           0
          28          10          15           0
          29          10          16           0
          30          10          17           0
          31          11           4           0
          32          11          10           0
          33          11          12           0
          34          11          14           0
          35          12           3           0
          36          12          11           0
          37          12          13           0
          38          13          12           0
          39          13          24           0
          40          14          11           0
          41          14          15           0
          42          14          23           0
          43          15          10           0
          44          15          14           0
          45          15          19           0
          46          15          22           0
          47          16           8           0
          48          16          10           0
          49          16          17           0
          50          16          18           0
          51          17          10           0
          52          17          16           0
          53          17          19           0
          54          18           7           0
          55          18          16           0
          56          18          20           0
          57          19          15           0
          58          19          17           0
          59          19          20           0
          60          20          18           0
          61          20          19           0
          62          20          21           0
          63          20          22           0
          64          21          20           0
          65          21          22           0
          66          21          24           0
          67          22          15           0
          68          22          20           0
          69          22          21           0
          70          22          23           0
          71          23          14           0
          72          23          22           0
          73          23          24           0
          74          24          13           0
          75          24          21           0
          76          24          23           0
node,fout,lout,
           1           1           2
           2           3           4
           3           5           7
           4           8          10
           5          11          13
           6          14          16
           7          17          18
           8          19          22
           9          23          25
          10          26          30
          11          31          34
          12          35          37
          13          38          39
          14          40          42
          15          43          46
          16          47          50
          17          51          53
          18          54          56
          19          57          59
          20          60          63
          21          64          66
          22          67          70
          23          71          73
          24          74          76
 ******contained lines********
 Sec,Line
