 solc,ncperr,disterr
   0,      5.27218435,      0.24582854
   1,      0.72188036,      0.02319735
   2,      0.28811564,      0.00930943
   3,      0.17355127,      0.00560012
   4,      0.12195276,      0.00392753
   5,      0.09299774,      0.00298937
   6,      0.07461918,      0.00239443
   7,      0.06199015,      0.00198602
   8,      0.05281610,      0.00168964
   9,      0.04587194,      0.00146553
  10,      0.04044633,      0.00129059
  11,      0.03609900,      0.00115054
  12,      0.03254346,      0.00103610
  13,      0.02958555,      0.00094098
  14,      0.02708921,      0.00086076
  15,      0.02495639,      0.00079228
  16,      0.02311470,      0.00073318
  17,      0.02150958,      0.00068359
  18,      0.02009916,      0.00064012
  19,      0.01885080,      0.00060157
  20,      0.01773870,      0.00056716
  21,      0.01674218,      0.00053628
  22,      0.01584453,      0.00050841
  23,      0.01503205,      0.00048314
  24,      0.01429344,      0.00046014
  25,      0.01361930,      0.00043912
  26,      0.01300173,      0.00041983
  27,      0.01243407,      0.00040207
  28,      0.01191063,      0.00038568
  29,      0.01142657,      0.00037050
  30,      0.01097770,      0.00035641
  31,      0.01056041,      0.00034329
  32,      0.01017157,      0.00033106
  33,      0.00980842,      0.00031962
  34,      0.00946857,      0.00030890
  35,      0.00914990,      0.00029884
  36,      0.00885052,      0.00028938
  37,      0.00856879,      0.00028046
  38,      0.00830323,      0.00027205
  39,      0.00805251,      0.00026411
  40,      0.00781546,      0.00025659
  41,      0.00759102,      0.00024946
  42,      0.00737822,      0.00024270
  43,      0.00717621,      0.00023627
  44,      0.00698421,      0.00023016
  45,      0.00680152,      0.00022434
  46,      0.00662748,      0.00021879
  47,      0.00646151,      0.00021349
  48,      0.00630308,      0.00020843
  49,      0.00615169,      0.00020359
  50,      0.00600691,      0.00019896
  51,      0.00586831,      0.00019452
  52,      0.00573552,      0.00019027
  53,      0.00560819,      0.00018618
  54,      0.00548600,      0.00018226
  55,      0.00536865,      0.00017850
  56,      0.00525587,      0.00017487
  57,      0.00514740,      0.00017139
  58,      0.00504300,      0.00016803
  59,      0.00494246,      0.00016479
  60,      0.00484558,      0.00016167
  61,      0.00475215,      0.00015866
  62,      0.00466200,      0.00015575
  63,      0.00457498,      0.00015295
  64,      0.00449091,      0.00015023
  65,      0.00440967,      0.00014761
  66,      0.00433110,      0.00014507
  67,      0.00425509,      0.00014261
  68,      0.00418152,      0.00014023
  69,      0.00411026,      0.00013792
  70,      0.00404123,      0.00013569
  71,      0.00397431,      0.00013352
  72,      0.00390942,      0.00013141
  73,      0.00384647,      0.00012937
  74,      0.00378537,      0.00012739
  75,      0.00372604,      0.00012546
  76,      0.00366841,      0.00012359
  77,      0.00361241,      0.00012176
  78,      0.00355798,      0.00011999
  79,      0.00350505,      0.00011827
  80,      0.00345356,      0.00011659
  81,      0.00340345,      0.00011496
  82,      0.00335467,      0.00011337
  83,      0.00330718,      0.00011182
  84,      0.00326091,      0.00011031
  85,      0.00321583,      0.00010884
  86,      0.00317190,      0.00010741
  87,      0.00312906,      0.00010601
  88,      0.00308728,      0.00010464
  89,      0.00304653,      0.00010331
  90,      0.00300676,      0.00010201
  91,      0.00296794,      0.00010074
  92,      0.00293004,      0.00009950
  93,      0.00289303,      0.00009829
  94,      0.00285687,      0.00009710
  95,      0.00282155,      0.00009594
  96,      0.00278702,      0.00009481
  97,      0.00275328,      0.00009370
  98,      0.00272028,      0.00009262
  99,      0.00268800,      0.00009156
 100,      0.00265643,      0.00009053
 101,      0.00262554,      0.00008951
 102,      0.00259531,      0.00008852
 103,      0.00256572,      0.00008754
 104,      0.00253675,      0.00008659
 105,      0.00250838,      0.00008566
 106,      0.00248059,      0.00008474
 107,      0.00245336,      0.00008385
 108,      0.00242669,      0.00008297
 109,      0.00240055,      0.00008210
 110,      0.00237492,      0.00008126
 111,      0.00234980,      0.00008043
 112,      0.00232517,      0.00007962
 113,      0.00230101,      0.00007882
 114,      0.00227731,      0.00007804
 115,      0.00225406,      0.00007727
 116,      0.00223125,      0.00007652
 117,      0.00220886,      0.00007578
 118,      0.00218688,      0.00007505
 119,      0.00216531,      0.00007434
 120,      0.00214413,      0.00007364
 121,      0.00212333,      0.00007295
 122,      0.00210290,      0.00007227
 123,      0.00208283,      0.00007161
 124,      0.00206311,      0.00007095
 125,      0.00204374,      0.00007031
 126,      0.00202470,      0.00006968
 127,      0.00200599,      0.00006906
 128,      0.00198760,      0.00006845
 129,      0.00196951,      0.00006785
 130,      0.00195173,      0.00006726
 131,      0.00193425,      0.00006668
 132,      0.00191705,      0.00006611
 133,      0.00190014,      0.00006555
 134,      0.00188350,      0.00006499
 135,      0.00186712,      0.00006445
 136,      0.00185101,      0.00006391
 137,      0.00183516,      0.00006339
 138,      0.00181956,      0.00006287
 139,      0.00180420,      0.00006236
 140,      0.00178907,      0.00006185
 141,      0.00177419,      0.00006136
 142,      0.00175953,      0.00006087
 143,      0.00174509,      0.00006039
 144,      0.00173087,      0.00005991
 145,      0.00171687,      0.00005945
 146,      0.00170307,      0.00005899
 147,      0.00168948,      0.00005853
 148,      0.00167609,      0.00005809
 149,      0.00166289,      0.00005765
 150,      0.00164988,      0.00005721
 151,      0.00163707,      0.00005679
 152,      0.00162443,      0.00005636
 153,      0.00161198,      0.00005595
 154,      0.00159970,      0.00005554
 155,      0.00158759,      0.00005513
 156,      0.00157566,      0.00005473
 157,      0.00156388,      0.00005434
 158,      0.00155227,      0.00005395
 159,      0.00154082,      0.00005357
 160,      0.00152953,      0.00005319
 161,      0.00151839,      0.00005282
 162,      0.00150739,      0.00005245
 163,      0.00149655,      0.00005209
 164,      0.00148584,      0.00005173
 165,      0.00147528,      0.00005137
 166,      0.00146486,      0.00005102
 167,      0.00145457,      0.00005068
 168,      0.00144442,      0.00005034
 169,      0.00143440,      0.00005000
 170,      0.00142450,      0.00004967
 171,      0.00141473,      0.00004934
 172,      0.00140509,      0.00004902
 173,      0.00139556,      0.00004870
 174,      0.00138616,      0.00004838
 175,      0.00137687,      0.00004807
 176,      0.00136770,      0.00004776
 177,      0.00135864,      0.00004746
 178,      0.00134969,      0.00004716
 179,      0.00134085,      0.00004686
 180,      0.00133211,      0.00004657
 181,      0.00132348,      0.00004628
 182,      0.00131496,      0.00004599
 183,      0.00130653,      0.00004571
 184,      0.00129821,      0.00004543
 185,      0.00128998,      0.00004515
 186,      0.00128185,      0.00004488
 187,      0.00127381,      0.00004460
 188,      0.00126587,      0.00004434
 189,      0.00125802,      0.00004407
 190,      0.00125026,      0.00004381
 191,      0.00124258,      0.00004355
 192,      0.00123500,      0.00004330
 193,      0.00122750,      0.00004304
 194,      0.00122008,      0.00004279
 195,      0.00121274,      0.00004255
 196,      0.00120549,      0.00004230
 197,      0.00119832,      0.00004206
 198,      0.00119123,      0.00004182
 199,      0.00118421,      0.00004158
 200,      0.00117727,      0.00004135
 201,      0.00117040,      0.00004112
 202,      0.00116361,      0.00004089
 203,      0.00115689,      0.00004066
 204,      0.00115025,      0.00004043
 205,      0.00114367,      0.00004021
 206,      0.00113716,      0.00003999
 207,      0.00113073,      0.00003977
 208,      0.00112436,      0.00003956
 209,      0.00111805,      0.00003935
 210,      0.00111181,      0.00003913
 211,      0.00110564,      0.00003893
 212,      0.00109952,      0.00003872
 213,      0.00109347,      0.00003851
 214,      0.00108749,      0.00003831
 215,      0.00108156,      0.00003811
 216,      0.00107569,      0.00003791
 217,      0.00106988,      0.00003771
 218,      0.00106413,      0.00003752
 219,      0.00105844,      0.00003733
 220,      0.00105280,      0.00003714
 221,      0.00104722,      0.00003695
 222,      0.00104169,      0.00003676
 223,      0.00103622,      0.00003657
 224,      0.00103080,      0.00003639
 225,      0.00102543,      0.00003621
 226,      0.00102011,      0.00003603
 227,      0.00101485,      0.00003585
 228,      0.00100963,      0.00003567
 229,      0.00100447,      0.00003549
 230,      0.00099935,      0.00003532
